0.073	0.149	-1.165
0.155	0.135	-1.101
0.210	0.111	-1.025
0.230	0.084	-1.003
0.241	0.022	-1.003
0.234	-0.026	-0.958
0.241	-0.085	-0.950
0.244	-0.122	-1.014
0.251	-0.122	-1.127
0.258	-0.112	-1.319
0.217	-0.078	-1.394
0.128	-0.043	-1.342
0.015	-0.019	-1.251
-0.139	-0.002	-1.165
-0.187	0.025	-1.052
-0.204	0.077	-0.916
-0.231	0.115	-0.852
-0.289	0.156	-0.833
-0.368	0.159	-0.867
-0.399	0.087	-0.961
-0.389	-0.006	-1.003
-0.300	-0.116	-0.988
-0.170	-0.246	-0.818
0.087	-0.270	-0.679
0.165	-0.250	-0.743
0.306	-0.160	-0.999
0.378	-0.122	-1.127
0.439	-0.026	-1.112
0.456	0.077	-1.018
0.350	0.149	-1.014
0.220	0.173	-1.116
0.107	0.208	-1.135
0.015	0.218	-1.146
-0.067	0.218	-1.138
-0.118	0.201	-1.037
-0.153	0.166	-0.909
-0.166	0.091	-0.943
-0.159	0.029	-1.025
-0.129	-0.006	-1.071
-0.098	-0.023	-1.014
-0.074	-0.040	-0.958
-0.033	-0.064	-0.961
0.094	-0.136	-1.086
0.142	-0.129	-1.274
0.073	-0.092	-1.345
-0.029	-0.067	-1.304
-0.142	-0.074	-1.214
-0.183	-0.078	-1.093
-0.136	-0.047	-0.909
-0.012	-0.023	-0.811
0.179	0.032	-0.784
0.254	0.056	-0.788
0.340	0.046	-0.822
0.463	-0.023	-0.935
0.501	-0.092	-1.040
0.442	-0.202	-1.093
0.258	-0.394	-1.138
0.142	-0.346	-1.217
-0.029	-0.212	-1.007
-0.139	-0.092	-0.901
-0.180	0.012	-0.890
-0.190	0.132	-0.909
-0.156	0.204	-0.946
-0.071	0.197	-1.037
-0.016	0.139	-1.138
0.042	0.063	-1.176
0.114	-0.019	-1.210
0.186	-0.064	-1.157
0.224	-0.067	-1.071
0.248	-0.040	-0.976
0.275	-0.023	-0.928
0.278	-0.009	-0.894
0.265	-0.023	-0.848
0.244	-0.078	-0.837
0.217	-0.150	-0.886
0.176	-0.236	-0.965
0.142	-0.305	-1.108
0.159	-0.332	-1.248
0.131	-0.370	-1.263
0.077	-0.322	-1.074
0.035	-0.129	-0.739
-0.033	0.104	-0.510
-0.132	0.297	-0.498
-0.231	0.252	-0.694
-0.238	0.039	-0.912
-0.201	-0.171	-1.007
-0.112	-0.439	-1.089
0.018	-0.532	-1.037
0.138	-0.545	-0.969
0.292	-0.422	-1.067
0.460	-0.129	-1.120
0.535	0.098	-1.153
0.528	0.197	-1.451
0.374	0.214	-1.613
0.155	0.146	-1.579
-0.074	0.046	-1.432
-0.214	-0.019	-1.281
-0.252	-0.067	-1.040
-0.207	-0.112	-0.897
-0.132	-0.153	-0.867
-0.026	-0.188	-0.882
0.046	-0.243	-0.871
0.090	-0.277	-0.852
0.035	-0.188	-0.841
0.056	-0.067	-0.619
0.138	0.053	-0.510
0.220	0.094	-0.687
0.343	0.070	-0.950
0.384	-0.030	-0.867
0.460	-0.109	-0.928
0.507	-0.181	-1.199
0.466	-0.232	-1.443
0.285	-0.284	-1.504
0.183	-0.188	-1.116
0.172	-0.112	-1.161
0.162	-0.088	-1.383
0.176	-0.064	-1.349
0.193	-0.067	-1.278
0.138	-0.105	-1.180
0.070	-0.129	-1.033
0.012	-0.198	-0.879
-0.036	-0.308	-0.781
-0.084	-0.380	-0.724
-0.118	-0.363	-0.672
-0.125	-0.370	-0.367
-0.084	-0.095	-0.239
0.005	0.170	-0.190
0.121	0.087	-0.698
0.323	-0.033	-0.995
0.484	-0.112	-1.436
0.425	-0.143	-1.485
0.203	-0.215	-1.353
0.035	-0.257	-1.191
-0.047	-0.263	-1.116
-0.084	-0.291	-1.229
-0.149	-0.284	-1.195
-0.207	-0.229	-1.304
-0.207	-0.122	-1.507
-0.136	-0.078	-1.579
-0.053	-0.057	-1.424
0.049	-0.019	-1.116
0.220	0.001	-0.886
0.248	-0.043	-0.788
0.230	-0.057	-0.702
0.237	-0.061	-0.683
0.107	-0.030	-0.664
0.049	-0.074	-0.566
-0.077	-0.339	-0.528
-0.088	-0.208	-0.416
0.022	-0.057	-0.589
0.148	-0.040	-0.946
0.323	-0.043	-1.417
0.354	-0.040	-1.251
0.224	-0.050	-1.010
0.083	-0.102	-0.833
0.039	-0.157	-1.037
0.049	-0.208	-1.394
0.053	-0.226	-1.564
0.145	-0.122	-1.323
0.220	-0.061	-1.485
0.217	-0.064	-1.507
0.172	-0.074	-1.296
0.145	-0.078	-1.123
0.087	-0.102	-0.912
0.029	-0.153	-0.811
-0.006	-0.243	-0.781
-0.040	-0.301	-0.766
-0.064	-0.325	-0.638
-0.074	-0.239	-0.370
-0.043	0.087	-0.261
-0.033	0.211	-0.333
0.070	0.063	-0.630
0.189	-0.085	-1.176
0.162	-0.205	-1.601
0.087	-0.250	-1.601
0.128	-0.229	-1.210
0.186	-0.198	-0.999
0.234	-0.174	-1.059
0.176	-0.219	-1.263
0.049	-0.236	-1.470
-0.098	-0.136	-1.511
-0.221	-0.098	-1.519
-0.265	-0.129	-1.424
-0.166	-0.116	-1.172
-0.006	-0.057	-0.976
0.165	-0.019	-0.867
0.237	-0.030	-0.788
0.234	-0.054	-0.698
0.179	-0.050	-0.559
-0.163	-0.184	-0.442
-0.460	-0.470	-0.664
-0.625	0.001	0.326
-0.077	0.190	-0.058
0.005	0.311	-0.577
0.186	0.366	-0.822
0.159	0.283	-0.574
0.162	0.067	-0.683
0.217	-0.098	-1.281
0.285	-0.188	-1.884
0.569	-0.263	-2.155
0.391	-0.514	-1.967
0.145	-0.563	-1.718
0.063	-0.463	-1.579
0.162	-0.380	-1.488
0.237	-0.363	-1.259
0.241	-0.377	-0.924
0.306	-0.576	-0.510
0.059	-0.153	-0.265
-0.115	0.180	-0.318
-0.197	0.476	-0.980
-0.084	0.472	-1.308
0.008	0.324	-1.278
-0.002	0.149	-0.992
0.111	0.063	-1.108
0.282	-0.109	-1.854
0.326	-0.215	-2.170
0.316	-0.222	-2.196
0.172	-0.188	-2.083
0.032	-0.243	-1.906
-0.074	-0.281	-1.620
-0.057	-0.305	-1.202
-0.029	-0.263	-0.931
-0.060	-0.023	-0.773
0.056	-0.318	-0.649
-0.036	-0.325	-0.438
0.080	0.493	0.672
0.213	1.108	0.755
0.360	1.050	0.345
0.220	0.397	-0.472
0.165	-0.078	-0.754
0.066	-0.260	-0.864
0.097	-0.250	-1.300
0.295	-0.367	-2.008
0.323	-0.349	-1.948
0.490	-0.549	-2.087
0.514	-0.693	-2.381
0.600	-0.535	-2.234
0.473	-0.446	-1.906
0.210	-0.377	-1.481
-0.023	-0.164	-0.954
-0.177	-0.360	-0.585
-0.566	-0.343	-0.521
-0.861	0.173	0.450
-0.669	0.469	0.759
-0.361	0.606	0.413
0.145	0.183	0.176
0.569	0.060	-0.318
0.600	-0.098	-0.969
0.737	-0.425	-1.711
0.644	-0.710	-2.656
0.145	-0.889	-2.347
-0.293	-1.058	-2.366
-0.587	-0.862	-2.377
-0.525	-0.590	-1.820
-0.471	-0.198	-1.150
-0.464	-0.030	-1.071
-0.163	-0.463	-0.879
0.193	-0.466	-0.216
0.572	0.159	0.364
0.873	0.936	0.262
0.566	0.782	0.127
0.152	0.311	0.070
-0.098	-0.109	-0.461
-0.142	-0.336	-1.127
-0.067	-0.614	-1.511
0.436	-0.968	-2.482
0.460	-1.013	-2.433
0.183	-0.521	-1.206
0.124	-0.329	-1.033
0.251	-0.195	-1.315
0.313	-0.116	-1.824
0.357	0.173	-1.839
0.111	0.087	-1.259
-0.077	-0.006	-0.690
-0.231	-0.380	-0.133
-0.286	-0.628	0.002
-0.577	-0.092	0.153
-0.508	0.173	0.311
-0.077	0.159	0.164
0.295	0.094	-0.536
0.726	-0.140	-1.387
0.808	-0.267	-1.850
0.737	-0.398	-2.366
0.405	-0.621	-2.509
-0.019	-0.604	-1.402
-0.307	-0.497	-0.931
-0.594	-0.535	-1.620
-0.566	-0.456	-2.008
-0.365	0.008	-1.628
-0.187	0.324	-1.195
-0.057	0.235	-1.007
0.142	0.022	-0.807
0.124	-0.088	-0.506
0.213	-0.126	-0.589
0.258	-0.284	-0.397
0.258	-0.356	-0.291
0.360	-0.208	-0.227
0.419	-0.026	-0.118
0.278	-0.109	-0.461
-0.036	-0.116	-1.138
-0.156	-0.322	-1.504
-0.047	-0.535	-1.711
0.121	-0.600	-1.669
0.111	-0.528	-0.969
0.022	-0.394	-0.551
-0.040	-0.236	-0.416
0.056	-0.219	-0.845
0.162	-0.301	-1.507
0.220	-0.356	-1.808
0.159	-0.164	-1.511
0.087	0.080	-1.251
0.029	0.135	-0.984
-0.033	0.170	-0.864
-0.064	0.101	-0.822
-0.029	-0.040	-0.871
-0.006	-0.143	-0.928
-0.002	-0.277	-0.950
-0.009	-0.349	-0.826
-0.002	-0.356	-0.683
-0.019	-0.305	-0.502
0.049	-0.236	-0.491
0.087	-0.195	-0.668
0.302	-0.236	-1.146
0.463	-0.477	-1.662
0.378	-0.449	-1.711
0.292	-0.287	-1.564
0.142	-0.153	-1.172
-0.129	-0.095	-0.890
-0.276	-0.150	-0.732
-0.375	-0.232	-0.751
-0.413	-0.343	-0.916
-0.327	-0.466	-1.078
-0.228	-0.532	-1.071
-0.108	-0.497	-1.067
0.025	-0.336	-1.101
0.210	-0.143	-1.067
0.384	0.036	-1.161
0.497	0.187	-1.135
0.442	0.221	-1.063
0.302	0.139	-0.995
0.193	0.046	-1.018
0.114	-0.026	-1.048
0.049	-0.095	-1.044
-0.026	-0.119	-0.988
-0.064	-0.122	-0.924
-0.101	-0.126	-0.841
-0.088	-0.136	-0.773
-0.050	-0.215	-0.751
-0.026	-0.215	-0.815
-0.016	-0.339	-0.886
-0.006	-0.343	-1.101
0.018	-0.332	-1.338
0.015	-0.325	-1.353
0.022	-0.260	-1.191
0.035	-0.105	-0.946
0.032	0.029	-0.890
0.083	0.029	-0.630
0.097	-0.050	-0.679
0.172	-0.167	-0.811
0.302	-0.343	-1.040
0.391	-0.463	-1.202
0.347	-0.528	-1.146
0.251	-0.394	-1.014
0.169	-0.270	-0.924
0.070	-0.147	-0.875
0.015	-0.054	-0.875
-0.016	-0.019	-0.928
-0.060	-0.040	-1.025
-0.040	-0.064	-1.097
-0.023	-0.081	-1.078
0.008	-0.088	-1.029
0.035	-0.088	-1.029
0.056	-0.088	-1.044
0.118	-0.081	-1.040
0.176	-0.074	-1.007
0.200	-0.047	-0.992
0.217	-0.033	-0.935
0.244	-0.043	-0.879
0.237	-0.074	-0.886
0.186	-0.092	-0.920
0.131	-0.112	-0.995
0.087	-0.140	-1.180
0.070	-0.215	-1.436
0.039	-0.291	-1.556
-0.067	-0.263	-1.462
-0.125	-0.129	-1.108
-0.153	-0.037	-0.845
-0.194	0.029	-0.687
-0.201	0.087	-0.660
-0.180	0.125	-0.698
-0.166	0.087	-0.826
-0.194	-0.023	-0.931
-0.248	-0.112	-0.931
-0.197	-0.205	-0.803
-0.071	-0.208	-0.634
0.145	-0.191	-0.743
0.340	-0.140	-0.939
0.511	-0.050	-1.074
0.593	0.046	-1.172
0.566	0.142	-1.007
0.494	0.294	-0.830
0.364	0.287	-0.928
0.206	0.259	-1.040
0.059	0.269	-1.127
-0.136	0.283	-1.217
-0.289	0.276	-1.236
-0.354	0.225	-1.199
-0.300	0.153	-1.138
-0.207	0.084	-1.123
-0.136	0.039	-1.150
-0.064	0.001	-1.127
0.018	-0.043	-1.089
0.063	-0.081	-1.063
0.080	-0.129	-1.108
0.083	-0.150	-1.244
0.121	-0.122	-1.379
0.114	-0.002	-1.349
0.080	0.098	-1.195
0.059	0.211	-0.965
0.039	0.269	-0.833
0.022	0.245	-0.781
-0.012	0.170	-0.830
0.022	0.070	-0.973
0.097	-0.002	-1.014
0.142	-0.067	-1.022
0.142	-0.081	-1.078
0.128	-0.098	-1.135
0.104	-0.085	-1.067
0.059	-0.054	-0.992
0.015	-0.050	-0.905
-0.006	-0.040	-0.852
-0.036	-0.023	-0.875
-0.050	0.018	-0.916
-0.033	0.091	-0.973
-0.009	0.156	-1.025
0.035	0.201	-1.123
0.090	0.218	-1.150
0.138	0.204	-1.104
0.165	0.153	-1.007
0.159	0.098	-0.943
0.169	0.070	-0.901
0.179	0.060	-0.882
0.186	0.032	-0.894
0.176	-0.006	-0.916
0.183	-0.040	-1.010
0.244	-0.098	-1.259
0.289	-0.129	-1.583
0.282	-0.105	-1.635
0.217	0.008	-1.349
0.111	0.094	-1.044
-0.033	0.132	-0.818
-0.108	0.135	-0.754
-0.129	0.122	-0.803
-0.228	0.098	-1.063
-0.454	-0.002	-1.402
-0.573	-0.064	-1.387
-0.546	-0.105	-1.071
-0.392	-0.122	-0.773
-0.238	-0.119	-0.702
0.220	-0.164	-0.901
0.213	-0.147	-0.856
0.333	-0.215	-1.059
0.480	-0.270	-1.296
0.586	-0.226	-1.319
0.600	-0.092	-1.146
0.579	0.063	-0.901
0.497	0.087	-0.852
0.381	0.073	-0.988
0.265	0.043	-1.172
0.131	0.049	-1.221
-0.057	0.080	-1.184
-0.183	0.122	-1.086
-0.300	0.108	-1.018
-0.378	0.070	-0.965
-0.313	0.036	-0.837
-0.207	0.001	-0.773
-0.050	-0.054	-0.811
0.189	-0.133	-0.943
0.350	-0.229	-1.074
0.501	-0.380	-1.345
0.449	-0.501	-1.436
0.265	-0.422	-1.199
0.087	-0.205	-0.687
0.032	-0.061	-0.431
0.063	0.036	-0.382
0.155	0.098	-0.668
0.254	0.094	-1.089
0.357	0.128	-1.428
0.367	0.104	-1.296
0.285	0.008	-1.157
0.169	-0.143	-0.954
0.100	-0.208	-0.867
0.073	-0.239	-0.897
0.066	-0.226	-1.003
0.053	-0.171	-1.101
0.029	-0.085	-1.135
0.005	0.025	-1.127
-0.012	0.101	-1.101
-0.016	0.146	-1.089
0.012	0.159	-1.089
0.059	0.166	-1.063
0.124	0.132	-1.007
0.186	0.115	-0.924
0.227	0.101	-0.818
0.244	0.060	-0.736
0.251	0.008	-0.784
0.278	-0.061	-0.856
0.340	-0.164	-1.022
0.439	-0.294	-1.274
0.518	-0.363	-1.458
0.590	-0.373	-1.496
0.442	-0.243	-1.214
0.251	-0.122	-0.946
0.005	-0.023	-0.751
-0.156	0.043	-0.807
-0.269	0.067	-0.973
-0.334	0.070	-1.146
-0.269	0.008	-1.127
-0.074	-0.143	-1.063
0.090	-0.301	-0.984
0.220	-0.408	-0.867
0.285	-0.494	-0.803
0.360	-0.432	-0.784
0.460	-0.267	-0.826
0.289	-0.136	-0.815
0.265	-0.057	-0.928
0.237	-0.019	-1.014
0.172	0.036	-1.071
0.073	0.060	-1.059
0.018	0.077	-1.040
-0.016	0.073	-1.067
-0.023	0.049	-1.082
-0.012	0.018	-1.052
0.005	-0.006	-1.014
0.029	-0.043	-0.995
0.042	-0.112	-0.969
0.039	-0.181	-0.924
0.012	-0.212	-0.815
0.035	-0.270	-0.720
0.087	-0.315	-0.720
0.169	-0.284	-0.818
0.241	-0.219	-1.025
0.152	-0.164	-1.135
0.056	-0.160	-1.157
-0.006	-0.181	-1.131
-0.009	-0.147	-1.033
0.053	-0.122	-0.961
0.172	-0.071	-0.845
0.244	-0.002	-0.769
0.299	0.025	-0.728
0.333	0.008	-0.800
0.364	-0.026	-0.961
0.367	-0.061	-1.093
0.326	-0.095	-1.116
0.271	-0.129	-1.086
0.186	-0.160	-1.037
0.094	-0.153	-0.995
0.063	-0.143	-0.984
0.059	-0.098	-0.950
0.046	0.001	-0.946
0.029	0.077	-1.007
-0.009	0.139	-1.059
-0.067	0.173	-1.086
-0.081	0.153	-1.089
-0.050	0.087	-1.135
0.032	0.043	-1.146
0.104	0.029	-1.101
0.196	0.022	-1.063
0.271	0.032	-0.995
0.330	0.029	-0.946
0.388	0.025	-0.924
0.415	0.015	-0.916
0.408	-0.009	-0.943
0.350	-0.057	-1.007
0.323	-0.105	-1.086
0.285	-0.184	-1.206
0.261	-0.260	-1.353
0.217	-0.277	-1.387
0.063	-0.191	-1.232
-0.053	-0.050	-1.014
-0.091	0.067	-0.833
-0.112	0.177	-0.732
-0.105	0.259	-0.901
-0.156	0.252	-1.097
-0.214	0.142	-1.214
-0.242	-0.030	-1.135
-0.183	-0.147	-0.950
-0.077	-0.312	-0.762
0.063	-0.349	-0.758
0.230	-0.346	-0.867
0.326	-0.329	-0.909
0.360	-0.267	-0.928
0.360	-0.171	-0.999
0.333	-0.074	-1.093
0.265	0.108	-1.018
0.128	0.208	-1.135
0.025	0.259	-1.191
-0.023	0.283	-1.195
-0.057	0.249	-1.150
-0.064	0.183	-1.089
-0.023	0.125	-1.022
0.025	0.039	-0.976
0.035	-0.037	-0.928
0.053	-0.129	-0.897
0.077	-0.205	-0.871
0.094	-0.232	-0.848
0.145	-0.222	-0.905
0.155	-0.181	-1.074
0.121	-0.160	-1.255
0.104	-0.171	-1.421
0.070	-0.105	-1.338
0.049	-0.050	-1.120
0.063	0.001	-0.837
0.121	0.043	-0.702
0.176	0.077	-0.668
0.213	0.060	-0.720
0.265	-0.002	-0.924
0.347	-0.040	-1.082
0.463	-0.061	-1.123
0.487	-0.112	-0.973
0.425	-0.171	-0.939
0.323	-0.195	-0.935
0.237	-0.215	-0.916
0.135	-0.205	-0.912
0.063	-0.153	-0.958
0.018	-0.102	-1.018
-0.036	0.005	-1.029
-0.084	0.084	-1.003
-0.105	0.118	-0.980
-0.088	0.149	-1.003
-0.023	0.139	-1.059
0.046	0.115	-1.089
0.135	0.084	-1.048
0.193	0.043	-0.943
0.241	0.022	-0.882
0.282	0.012	-0.856
0.302	-0.002	-0.882
0.295	-0.033	-0.935
0.278	-0.074	-0.954
0.244	-0.112	-0.928
0.206	-0.160	-0.912
0.224	-0.294	-1.048
0.200	-0.356	-1.232
0.155	-0.318	-1.334
0.073	-0.202	-1.232
0.018	-0.140	-1.153
0.053	-0.040	-1.063
0.073	0.060	-0.912
0.022	0.098	-0.818
-0.077	0.094	-0.848
-0.129	0.087	-1.014
-0.136	0.084	-1.067
-0.101	-0.016	-1.089
-0.112	-0.136	-1.108
-0.074	-0.171	-1.097
-0.040	-0.181	-1.003
0.005	-0.147	-0.894
0.063	-0.126	-0.860
0.162	-0.129	-0.894
0.196	-0.109	-0.912
0.258	-0.088	-1.014
0.309	-0.061	-1.086
0.313	-0.002	-1.078
0.265	0.070	-0.992
0.227	0.098	-0.950
0.220	0.111	-0.999
0.217	0.115	-1.086
0.251	0.091	-1.191
0.237	0.080	-1.172
0.169	0.029	-1.074
0.059	0.018	-1.014
-0.036	0.005	-1.003
-0.153	-0.009	-1.052
-0.245	-0.006	-1.063
-0.300	0.012	-1.040
-0.265	0.015	-0.988
-0.146	-0.002	-1.003
0.080	-0.016	-1.007
0.289	-0.054	-1.048
0.419	-0.102	-1.101
0.507	-0.122	-1.135
0.405	-0.153	-1.033
0.285	-0.202	-1.018
0.186	-0.243	-1.059
0.128	-0.284	-1.112
0.090	-0.312	-1.104
0.066	-0.260	-1.033
0.066	-0.160	-0.909
0.070	-0.085	-0.788
0.128	-0.002	-0.713
0.203	0.053	-0.747
0.295	0.077	-0.852
0.388	0.067	-0.954
0.425	-0.009	-1.007
0.405	-0.098	-0.988
0.316	-0.177	-0.943
0.248	-0.243	-0.912
0.152	-0.263	-0.912
0.087	-0.236	-0.931
0.080	-0.188	-0.924
0.066	-0.133	-0.935
0.049	-0.105	-0.954
0.035	-0.088	-0.976
0.035	-0.071	-1.071
0.042	-0.050	-1.146
0.073	-0.030	-1.150
0.118	0.008	-1.071
0.152	0.018	-0.950
0.172	0.005	-0.890
0.206	0.005	-0.882
0.248	-0.026	-0.886
0.271	-0.071	-0.897
0.282	-0.184	-0.920
0.292	-0.305	-0.946
0.316	-0.432	-1.025
0.323	-0.480	-1.157
0.319	-0.446	-1.248
0.271	-0.370	-1.270
0.131	-0.257	-1.225
0.022	-0.188	-1.172
-0.105	-0.129	-1.089
-0.187	-0.109	-1.071
-0.224	-0.102	-1.044
-0.190	-0.067	-0.961
-0.156	-0.019	-0.867
-0.132	-0.023	-0.864
-0.077	-0.074	-0.943
-0.067	-0.174	-1.033
-0.067	-0.246	-1.059
-0.053	-0.318	-1.040
-0.036	-0.339	-0.961
-0.002	-0.332	-0.882
0.046	-0.322	-0.856
0.063	-0.315	-0.886
0.059	-0.274	-0.935
0.056	-0.212	-0.973
0.066	-0.153	-0.980
0.080	-0.085	-0.980
0.097	-0.033	-1.033
0.121	-0.002	-1.074
0.124	0.036	-1.138
0.094	0.063	-1.180
0.039	0.084	-1.172
-0.033	0.063	-1.135
-0.091	0.012	-1.112
-0.105	-0.033	-1.063
-0.088	-0.085	-1.018
-0.071	-0.098	-0.973
-0.036	-0.112	-0.901
0.008	-0.119	-0.856
0.063	-0.136	-0.856
0.118	-0.174	-0.867
0.128	-0.250	-0.897
0.118	-0.301	-0.920
0.080	-0.284	-0.943
0.042	-0.267	-1.003
-0.012	-0.267	-1.025
-0.047	-0.263	-1.025
-0.023	-0.267	-1.063
0.005	-0.277	-1.074
0.104	-0.287	-1.104
0.254	-0.246	-1.112
0.330	-0.174	-1.003
0.398	-0.081	-0.848
0.371	-0.054	-0.758
0.347	-0.064	-0.743
0.354	-0.095	-0.826
0.367	-0.133	-0.924
0.347	-0.171	-1.018
0.265	-0.212	-1.074
0.213	-0.232	-1.093
0.121	-0.215	-1.037
0.066	-0.136	-1.014
0.039	-0.047	-0.965
0.018	0.070	-0.958
-0.016	0.115	-0.976
-0.047	0.087	-1.048
-0.029	0.008	-1.153
0.032	-0.050	-1.180
0.100	-0.064	-1.127
0.186	-0.043	-1.022
0.244	-0.033	-0.969
0.306	-0.016	-0.943
0.343	-0.016	-0.969
0.350	-0.054	-0.973
0.326	-0.147	-0.958
0.268	-0.294	-0.950
0.206	-0.318	-0.992
0.114	-0.356	-1.078
0.042	-0.294	-1.161
0.022	-0.250	-1.199
0.001	-0.181	-1.168
0.039	-0.143	-1.112
0.083	-0.126	-1.044
0.087	-0.074	-0.894
0.035	-0.009	-0.732
-0.047	0.001	-0.724
-0.201	-0.006	-0.871
-0.307	-0.085	-0.946
-0.382	-0.226	-0.965
-0.372	-0.305	-0.931
-0.317	-0.277	-0.939
-0.190	-0.239	-0.928
-0.067	-0.205	-0.909
0.083	-0.167	-0.928
0.183	-0.160	-1.018
0.230	-0.140	-1.101
0.217	-0.095	-1.135
0.200	0.018	-1.127
0.162	0.111	-1.074
0.131	0.170	-1.074
0.083	0.214	-1.161
0.022	0.204	-1.187
-0.057	0.173	-1.168
-0.142	0.132	-1.074
-0.166	0.080	-1.003
-0.187	0.012	-0.995
-0.190	-0.057	-0.965
-0.177	-0.095	-0.924
-0.136	-0.112	-0.871
-0.077	-0.105	-0.901
-0.043	-0.095	-1.022
-0.047	-0.088	-1.236
-0.060	-0.102	-1.432
-0.071	-0.092	-1.466
-0.064	-0.081	-1.406
-0.036	-0.040	-1.150
0.025	-0.030	-0.882
0.128	0.018	-0.675
0.251	0.070	-0.641
0.350	0.098	-0.717
0.395	0.073	-0.784
0.381	-0.016	-0.811
0.319	-0.074	-0.890
0.230	-0.219	-0.958
0.059	-0.360	-1.108
-0.159	-0.284	-1.248
-0.245	-0.188	-1.040
-0.262	-0.112	-0.833
-0.286	-0.023	-0.668
-0.307	0.073	-0.615
-0.283	0.197	-0.600
-0.163	0.324	-0.762
-0.057	0.307	-1.093
0.018	0.269	-1.232
0.080	0.221	-1.184
0.124	0.128	-1.071
0.142	0.087	-1.007
0.155	0.049	-1.007
0.217	0.032	-1.172
0.200	0.029	-1.255
0.155	0.015	-1.221
0.073	-0.033	-1.146
0.005	-0.081	-1.135
-0.036	-0.122	-1.180
-0.023	-0.133	-1.206
0.025	-0.098	-1.221
0.090	-0.054	-1.202
0.186	-0.033	-1.240
0.343	-0.033	-1.323
0.466	-0.037	-1.315
0.511	-0.037	-1.199
0.466	-0.023	-1.074
0.357	-0.002	-0.916
0.237	0.025	-0.815
0.159	0.036	-0.777
0.029	0.039	-0.784
-0.091	0.025	-0.931
-0.153	0.008	-0.969
-0.115	0.001	-0.935
0.022	-0.016	-0.920
0.094	-0.043	-0.928
0.165	-0.088	-0.909
0.155	-0.122	-0.901
0.131	-0.112	-0.920
0.142	-0.033	-0.958
0.183	0.070	-1.025
0.237	0.201	-1.104
0.282	0.318	-1.127
0.316	0.383	-1.093
0.275	0.379	-1.029
0.148	0.304	-1.018
0.005	0.225	-1.074
-0.177	0.115	-1.180
-0.296	0.056	-1.199
-0.344	0.015	-1.142
-0.307	-0.009	-1.018
-0.207	0.001	-0.950
-0.105	0.005	-0.909
0.049	0.001	-0.864
0.165	-0.033	-0.864
0.282	-0.081	-0.894
0.446	-0.122	-1.033
0.569	-0.126	-1.142
0.620	-0.109	-1.078
0.466	-0.112	-0.946
0.271	-0.136	-0.935
-0.002	-0.181	-1.063
-0.286	-0.174	-1.184
-0.416	-0.129	-1.168
-0.430	-0.040	-0.961
-0.317	0.039	-0.762
-0.183	0.043	-0.656
-0.029	0.043	-0.732
0.230	-0.019	-0.920
0.395	-0.037	-1.052
0.511	-0.071	-1.168
0.511	-0.147	-1.161
0.408	-0.222	-1.082
0.251	-0.243	-1.029
0.118	-0.236	-1.037
-0.012	-0.184	-1.078
-0.125	-0.037	-1.007
-0.180	0.159	-0.939
-0.190	0.390	-0.954
-0.146	0.417	-1.127
-0.057	0.362	-1.248
0.087	0.276	-1.308
0.165	0.135	-1.214
0.186	0.046	-1.116
0.183	-0.040	-1.037
0.169	-0.095	-1.033
0.162	-0.119	-1.003
0.142	-0.122	-0.950
0.152	-0.122	-0.920
0.148	-0.116	-0.939
0.131	-0.112	-0.988
0.111	-0.109	-1.056
0.100	-0.112	-1.127
-0.012	-0.067	-1.176
-0.136	-0.026	-1.157
-0.289	0.036	-1.165
-0.358	0.084	-1.104
-0.382	0.108	-1.063
-0.406	0.159	-1.048
-0.426	0.180	-1.014
-0.433	0.146	-1.022
-0.447	0.053	-1.071
-0.464	-0.078	-1.048
-0.443	-0.143	-0.988
-0.372	-0.188	-0.886
-0.248	-0.205	-0.845
-0.142	-0.198	-0.871
0.008	-0.202	-0.924
0.025	-0.181	-0.988
0.100	-0.157	-1.089
0.316	-0.067	-1.376
0.460	0.056	-1.560
0.525	0.324	-1.315
0.381	0.507	-1.074
0.169	0.448	-1.093
-0.112	0.314	-1.176
-0.293	0.149	-1.165
-0.372	0.018	-1.067
-0.426	-0.116	-0.943
-0.406	-0.287	-0.894
-0.327	-0.315	-0.886
-0.180	-0.312	-0.995
-0.084	-0.232	-1.221
-0.077	-0.092	-1.342
-0.094	0.153	-1.308
-0.047	0.225	-1.112
0.049	-0.023	-0.860
0.015	-0.177	-0.736
-0.190	-0.205	-0.841
-0.242	-0.284	-0.645
-0.064	-0.360	-0.660
0.138	-0.112	-0.958
0.159	0.118	-1.101
-0.012	-0.006	-1.138
-0.146	-0.174	-0.946
0.018	-0.226	-0.818
0.261	-0.143	-0.920
0.275	-0.074	-1.010
0.152	-0.067	-1.112
0.015	-0.088	-1.161
-0.036	-0.047	-1.086
-0.084	0.070	-1.040
-0.105	0.153	-1.074
-0.129	0.259	-1.131
-0.108	0.331	-1.071
-0.009	0.328	-1.029
0.227	0.221	-0.931
0.326	0.118	-0.769
0.381	0.080	-0.751
0.360	0.022	-0.758
0.371	-0.019	-0.845
0.425	-0.054	-0.980
0.518	-0.061	-1.135
0.648	0.039	-1.025
0.549	0.098	-0.852
0.398	0.098	-0.860
0.213	0.245	-0.623
-0.098	0.273	-0.574
-0.488	0.173	-1.368
-0.727	0.287	-1.699
-0.478	0.407	-1.184
-0.310	0.479	-0.965
-0.163	0.397	-0.905
0.186	0.328	-1.056
0.518	0.276	-1.127
0.658	0.245	-1.108
0.658	0.221	-1.010
0.463	0.170	-0.860
0.319	0.111	-0.894
0.183	0.091	-1.067
-0.036	0.135	-1.187
-0.180	0.201	-1.187
-0.269	0.331	-1.138
-0.259	0.469	-0.988
-0.255	0.483	-0.946
-0.187	0.386	-0.958
-0.129	0.273	-1.037
-0.084	0.125	-1.146
-0.050	0.032	-1.165
0.032	-0.002	-1.025
0.159	0.005	-0.833
0.340	0.073	-0.777
0.442	0.094	-0.860
0.453	0.094	-1.059
0.401	0.128	-1.285
0.333	0.197	-1.368
0.224	0.276	-1.259
0.142	0.287	-1.097
0.090	0.235	-1.029
0.005	0.153	-1.029
-0.050	0.104	-1.112
-0.050	0.087	-1.153
0.022	0.087	-1.108
0.131	0.101	-0.973
0.217	0.122	-0.890
0.319	0.125	-0.890
0.415	0.125	-0.950
0.501	0.122	-1.033
0.525	0.080	-1.033
0.490	0.012	-1.007
0.422	-0.081	-0.973
0.360	-0.147	-0.988
0.302	-0.147	-0.969
0.220	-0.081	-0.969
0.131	0.022	-0.961
0.080	0.094	-0.961
0.059	0.163	-0.965
0.070	0.170	-0.935
0.087	0.142	-0.920
0.114	0.091	-0.905
0.121	0.043	-0.901
0.104	0.012	-0.909
0.097	-0.040	-0.905
0.094	-0.067	-0.894
0.097	-0.088	-0.852
0.100	-0.088	-0.818
0.056	-0.102	-0.751
0.008	-0.122	-0.769
0.022	-0.126	-0.890
0.087	-0.105	-0.954
0.176	-0.095	-1.003
0.200	-0.116	-0.961
0.206	-0.136	-0.924
0.206	-0.167	-0.905
0.213	-0.174	-0.905
0.196	-0.164	-0.943
0.159	-0.181	-0.961
0.148	-0.246	-0.890
0.193	-0.219	-0.909
0.254	-0.095	-1.007
0.234	-0.043	-1.217
0.128	-0.040	-1.187
0.018	-0.047	-1.101
-0.026	-0.043	-1.040
-0.047	-0.095	-0.992
-0.053	-0.143	-0.988
-0.040	-0.171	-1.022
-0.012	-0.177	-1.048
0.018	-0.160	-1.040
0.035	-0.150	-1.037
0.049	-0.164	-1.040
0.046	-0.167	-1.018
0.063	-0.188	-1.003
0.083	-0.198	-0.988
0.111	-0.198	-0.995
0.128	-0.112	-1.142
0.121	-0.202	-1.003
0.107	-0.181	-0.984
0.080	-0.212	-0.954
0.059	-0.212	-1.033
0.005	-0.198	-1.074
-0.053	-0.181	-1.074
-0.091	-0.164	-1.018
-0.105	-0.129	-0.958
-0.091	-0.064	-0.916
-0.064	-0.023	-0.928
-0.036	-0.019	-0.950
-0.002	-0.019	-0.984
0.015	-0.033	-1.018
0.049	-0.047	-0.995
0.063	-0.067	-1.010
0.097	-0.074	-1.003
0.138	-0.071	-1.003
0.162	-0.067	-1.010
0.176	-0.037	-1.010
0.172	-0.033	-0.992
0.165	-0.006	-0.984
0.148	0.008	-1.074
0.097	-0.006	-1.078
0.042	0.015	-1.052
0.001	-0.012	-1.010
-0.053	-0.061	-0.973
-0.067	-0.071	-0.984
-0.074	-0.074	-0.965
-0.047	-0.085	-0.980
0.022	-0.074	-1.018
0.049	-0.064	-1.007
0.083	-0.047	-1.018
0.114	-0.040	-1.007
0.111	-0.016	-0.958
0.121	0.012	-0.916
0.097	0.025	-0.848
0.080	0.018	-0.811
0.059	-0.006	-0.796
0.032	-0.030	-0.826
0.008	-0.054	-0.803
0.029	-0.105	-0.830
0.056	-0.109	-0.879
0.121	-0.098	-0.950
0.176	-0.047	-0.992
0.200	0.008	-0.999
0.206	0.108	-0.965
0.193	0.197	-0.984
0.179	0.208	-1.018
0.142	0.208	-1.037
0.118	0.180	-1.063
0.114	0.142	-1.048
0.107	0.098	-1.040
0.107	0.080	-1.025
0.111	0.049	-1.010
0.094	0.043	-1.003
0.070	0.032	-1.007
0.035	0.049	-1.078
-0.019	0.087	-1.127
-0.067	0.118	-1.153
-0.115	0.146	-1.142
-0.136	0.146	-1.112
-0.105	0.159	-1.074
-0.060	0.166	-1.052
0.008	0.163	-1.059
0.066	0.159	-1.040
0.131	0.153	-1.029
0.210	0.146	-1.018
0.265	0.128	-1.056
0.309	0.122	-1.089
0.299	0.122	-1.074
0.241	0.132	-1.082
0.145	0.128	-1.056
0.083	0.125	-1.018
0.029	0.115	-1.018
-0.036	0.098	-1.052
-0.088	0.087	-1.086
-0.081	0.104	-1.086
-0.043	0.132	-1.067
0.015	0.146	-1.048
0.070	0.146	-1.025
0.135	0.125	-1.014
0.159	0.108	-1.025
0.169	0.104	-1.029
0.131	0.108	-1.029
0.063	0.115	-0.995
0.005	0.146	-0.980
-0.053	0.163	-0.950
-0.084	0.180	-0.961
-0.064	0.190	-0.961
-0.016	0.180	-0.965
0.070	0.194	-0.965
0.152	0.204	-0.946
0.172	0.197	-0.909
0.179	0.156	-0.920
0.155	0.139	-0.935
0.128	0.125	-0.969
0.056	0.146	-0.992
-0.012	0.170	-0.950
-0.064	0.177	-0.912
-0.112	0.173	-0.912
-0.132	0.173	-0.946
-0.136	0.153	-1.025
-0.136	0.146	-1.040
-0.122	0.132	-1.033
-0.112	0.139	-1.056
-0.088	0.166	-1.093
-0.074	0.166	-1.059
-0.057	0.139	-0.984
-0.026	0.094	-0.920
0.090	0.063	-0.988
0.234	0.046	-1.078
0.378	0.080	-1.131
0.391	0.111	-1.074
0.268	0.108	-0.912
0.094	0.115	-0.882
-0.081	0.142	-1.003
-0.310	0.177	-1.217
-0.481	0.183	-1.240
-0.512	0.173	-1.112
-0.399	0.132	-0.984
-0.238	0.080	-1.025
-0.108	0.049	-1.067
0.001	0.022	-1.131
0.018	-0.019	-1.123
-0.002	-0.043	-1.131
-0.002	-0.043	-1.142
0.018	0.022	-1.168
-0.012	-0.012	-1.142
-0.023	0.046	-1.123
0.053	0.235	-1.048
-0.043	0.434	-0.803
-0.146	0.434	-0.419
-0.238	0.369	-0.269
-0.426	0.252	-0.397
-0.779	0.015	-0.709
-0.854	-0.002	-0.702
-0.823	-0.016	-0.954
-0.556	0.153	-1.315
-0.382	0.362	-0.988
-0.679	0.606	-0.284
-0.679	0.548	-0.318
-0.409	0.355	-0.480
-0.122	0.125	-0.705
0.104	0.001	-0.800
0.210	-0.030	-1.093
0.313	-0.023	-1.394
0.340	-0.002	-1.428
0.439	0.149	-1.135
0.367	0.483	-0.641
0.172	0.627	-0.833
-0.303	0.617	-1.598
-0.888	0.438	-1.929
-0.823	0.424	-1.530
-0.498	0.489	-1.101
-0.238	0.397	-0.995
-0.149	0.300	-0.905
0.073	0.190	-1.210
-0.029	0.091	-1.296
-0.180	0.053	-1.323
-0.334	0.008	-1.304
-0.365	0.063	-1.428
0.022	0.190	-1.737
0.090	0.404	-1.086
-0.170	0.321	-0.374
-0.149	0.142	-0.126
-0.122	0.063	-0.336
-0.163	-0.019	-1.037
-0.276	-0.095	-1.571
-0.970	-0.067	-1.816
-1.733	1.373	-1.052
-0.666	0.331	-1.530
0.169	1.064	-1.221
0.265	2.129	-0.020
-0.259	0.324	-0.675
-0.365	0.094	-0.736
-0.166	-0.116	-1.312
0.316	-0.236	-2.125
0.446	-0.026	-1.756
0.586	0.218	-1.304
0.685	0.314	-0.950
0.265	0.180	-0.935
-0.026	0.077	-1.184
-0.173	0.098	-1.101
-0.197	0.245	-0.886
-0.211	1.132	-0.265
-0.132	0.342	-0.984
0.005	0.324	-0.879
0.210	0.390	-0.841
0.419	0.386	-0.905
0.453	0.345	-0.943
0.381	0.304	-0.950
0.323	0.376	-0.988
0.261	0.414	-1.086
0.172	0.486	-0.973
0.029	0.555	-0.769
-0.026	0.596	-0.675
0.046	0.572	-0.596
0.128	0.469	-0.634
0.165	0.379	-0.702
0.244	0.342	-0.736
0.299	0.321	-0.743
0.391	0.307	-0.751
0.442	0.338	-0.762
0.419	0.338	-0.792
0.442	0.376	-0.777
0.456	0.383	-0.796
0.449	0.352	-0.811
0.429	0.311	-0.788
0.384	0.256	-0.800
0.371	0.232	-0.792
0.357	0.221	-0.781
0.357	0.235	-0.743
0.364	0.263	-0.724
0.429	0.263	-0.743
0.463	0.249	-0.777
0.501	0.242	-0.811
0.514	0.221	-0.811
0.494	0.201	-0.803
0.466	0.170	-0.800
0.453	0.142	-0.830
0.439	0.153	-0.886
0.442	0.183	-0.905
0.442	0.235	-0.882
0.432	0.263	-0.833
0.419	0.259	-0.747
0.412	0.201	-0.736
0.442	0.146	-0.766
0.487	0.104	-0.822
0.535	0.087	-0.871
0.525	0.077	-0.909
0.484	0.053	-0.894
0.442	0.077	-0.867
0.360	0.111	-0.803
0.313	0.156	-0.796
0.299	0.190	-0.815
0.326	0.204	-0.912
0.360	0.183	-0.958
0.401	0.163	-0.992
0.395	0.118	-0.939
0.350	0.084	-0.811
0.302	0.046	-0.720
0.278	0.015	-0.638
0.316	-0.026	-0.649
0.364	-0.050	-0.702
0.439	-0.071	-0.826
0.487	-0.067	-0.894
0.518	-0.006	-0.931
0.535	0.128	-0.958
0.549	0.283	-0.984
0.514	0.469	-1.048
0.460	0.575	-1.165
0.395	0.510	-1.266
0.330	0.407	-1.255
0.278	0.318	-1.168
0.230	0.256	-1.101
0.172	0.183	-0.999
0.155	0.139	-0.928
0.172	0.149	-0.871
0.224	0.163	-0.830
0.275	0.177	-0.788
0.350	0.173	-0.788
0.460	0.132	-0.769
0.542	0.043	-0.852
0.596	-0.047	-0.995
0.631	-0.088	-1.056
0.634	-0.061	-1.010
0.590	0.025	-0.924
0.586	0.098	-0.818
0.583	0.163	-0.736
0.562	0.204	-0.641
0.518	0.190	-0.551
0.542	0.149	-0.589
0.600	0.084	-0.751
0.665	0.025	-0.875
0.665	0.022	-0.894
0.637	0.063	-0.860
0.644	0.115	-0.815
0.583	0.139	-0.788
0.442	0.118	-0.796
0.354	0.080	-0.822
0.309	0.063	-0.879
0.244	0.108	-0.943
0.244	0.183	-0.935
0.261	0.228	-0.916
0.282	0.263	-0.897
0.326	0.263	-0.924
0.378	0.239	-0.935
0.419	0.228	-0.912
0.484	0.201	-0.931
0.525	0.142	-0.864
0.549	0.087	-0.766
0.552	0.029	-0.687
0.566	-0.023	-0.611
0.614	-0.064	-0.608
0.631	-0.102	-0.641
0.603	-0.129	-0.668
0.562	-0.129	-0.698
0.545	-0.088	-0.852
0.545	-0.030	-1.025
0.521	0.012	-1.086
0.507	0.063	-1.086
0.484	0.091	-0.954
0.484	0.087	-0.833
0.507	0.029	-0.773
0.562	-0.054	-0.732
0.549	-0.095	-0.694
0.470	-0.078	-0.732
0.398	-0.012	-0.818
0.371	0.022	-0.909
0.343	0.018	-0.950
0.309	0.005	-0.954
0.302	-0.002	-0.943
