0.343	0.527	-0.717
0.555	0.637	-0.792
0.579	0.654	-0.773
0.388	0.524	-0.705
0.152	0.465	-0.649
-0.040	0.493	-0.596
-0.153	0.524	-0.623
-0.214	0.579	-0.660
-0.221	0.730	-0.739
-0.173	0.744	-0.901
-0.132	0.668	-0.976
-0.166	0.562	-0.894
-0.194	0.486	-0.837
-0.214	0.500	-0.901
-0.173	0.507	-0.999
-0.105	0.527	-1.071
-0.081	0.541	-0.980
-0.098	0.507	-0.946
-0.115	0.534	-0.943
-0.194	0.569	-1.052
-0.221	0.555	-1.199
-0.146	0.538	-1.199
-0.077	0.493	-1.048
-0.060	0.476	-0.950
-0.006	0.496	-0.882
-0.009	0.500	-0.867
-0.084	0.496	-0.807
-0.159	0.397	-0.521
-0.136	0.201	-0.257
-0.101	0.073	-0.250
-0.077	-0.009	-0.419
-0.177	0.049	-0.965
-0.378	0.252	-1.658
-0.611	1.022	-1.793
-0.652	1.555	-1.206
-0.437	1.150	-0.939
-0.136	0.692	-0.976
0.056	0.445	-0.931
0.261	0.324	-0.961
0.395	0.256	-0.958
0.319	0.214	-0.769
0.152	0.194	-0.766
-0.023	0.190	-0.818
-0.177	0.342	-0.792
-0.320	0.541	-0.683
-0.539	0.868	-0.690
-0.597	0.661	-0.845
-0.495	0.455	-1.044
-0.248	0.314	-0.931
-0.108	0.266	-0.954
0.070	0.263	-1.067
0.104	0.362	-1.120
0.070	0.586	-1.142
0.025	0.782	-1.056
-0.142	0.771	-0.954
-0.255	0.740	-0.897
-0.334	0.599	-0.867
-0.293	0.390	-0.931
-0.163	0.304	-1.014
-0.053	0.211	-0.988
0.001	0.221	-0.950
0.032	0.349	-0.856
0.100	0.579	-0.747
0.087	0.531	-0.875
0.042	0.355	-0.879
-0.033	0.218	-0.773
-0.043	0.218	-0.690
-0.026	0.345	-0.672
0.005	0.486	-0.758
-0.043	0.472	-0.882
-0.040	0.448	-0.882
-0.053	0.452	-0.747
-0.214	0.479	-0.585
-0.334	0.514	-0.784
-0.433	0.603	-1.010
-0.399	0.699	-0.867
-0.283	0.696	-0.946
-0.125	0.569	-1.082
-0.016	0.479	-1.120
0.100	0.517	-1.059
0.193	0.599	-1.037
0.111	0.630	-0.924
-0.057	0.527	-0.992
-0.132	0.434	-1.074
-0.071	0.441	-0.988
-0.009	0.228	-1.071
0.053	0.043	-1.007
0.049	-0.012	-0.856
0.005	0.008	-0.672
-0.129	0.297	-0.905
-0.197	0.751	-1.104
-0.293	1.122	-1.413
-0.320	1.043	-1.251
-0.286	0.658	-0.965
-0.235	0.290	-0.852
-0.122	0.204	-0.920
-0.043	0.266	-0.939
-0.026	0.397	-0.864
-0.012	0.637	-0.615
0.111	0.593	-0.638
0.200	0.438	-0.660
0.131	0.355	-0.690
0.012	0.307	-0.833
-0.122	0.383	-1.037
-0.252	0.507	-0.992
-0.344	0.493	-0.935
-0.395	0.424	-0.928
-0.341	0.452	-0.931
-0.269	0.448	-0.939
-0.235	0.373	-0.950
-0.187	0.349	-1.003
-0.204	0.414	-0.860
-0.224	0.469	-0.800
-0.173	0.462	-0.807
-0.115	0.445	-0.769
-0.136	0.434	-0.743
-0.153	0.472	-0.803
-0.207	0.531	-0.909
-0.320	0.438	-1.040
-0.375	0.311	-1.082
-0.443	0.407	-1.033
-0.296	0.376	-1.176
-0.180	0.390	-1.199
-0.118	0.445	-0.988
-0.187	0.493	-0.879
-0.276	0.527	-0.758
-0.334	0.569	-0.634
-0.231	0.510	-0.784
-0.163	0.452	-0.852
-0.125	0.407	-0.894
-0.112	0.397	-0.909
-0.170	0.421	-0.939
-0.300	0.599	-0.946
-0.409	0.548	-1.123
-0.279	0.531	-1.364
-0.166	0.496	-1.127
-0.146	0.503	-1.104
-0.269	0.569	-1.165
-0.235	0.854	-0.818
-0.105	0.703	-0.954
-0.016	0.476	-0.871
0.008	0.307	-0.630
-0.040	0.314	-0.457
-0.245	0.373	-0.442
-0.519	0.338	-0.751
-0.512	0.527	-0.736
-0.464	0.740	-0.615
-0.515	0.641	-0.600
-0.464	0.527	-0.626
-0.358	0.503	-0.555
-0.259	0.483	-0.570
-0.201	0.507	-0.577
-0.081	0.675	-0.653
0.080	0.785	-0.912
0.107	0.740	-1.089
0.018	0.541	-1.086
-0.077	0.627	-0.943
-0.166	0.740	-0.905
-0.296	0.806	-1.018
-0.375	0.737	-0.950
-0.375	0.644	-0.901
-0.354	0.524	-0.912
-0.276	0.486	-0.924
-0.163	0.514	-0.912
-0.077	0.599	-0.871
-0.033	0.551	-0.984
0.001	0.493	-0.931
-0.047	0.441	-0.800
-0.112	0.424	-0.698
-0.194	0.438	-0.705
-0.204	0.572	-0.702
-0.255	0.926	-0.608
-0.327	0.740	-0.852
-0.105	0.548	-0.705
0.056	0.397	-0.581
0.080	0.349	-0.536
0.131	0.476	-0.540
-0.006	0.685	-0.754
-0.081	0.802	-1.101
-0.091	0.782	-1.221
-0.156	0.599	-1.082
-0.214	0.383	-0.920
-0.207	0.469	-0.943
-0.307	0.579	-0.890
-0.440	0.500	-0.856
-0.478	0.438	-1.040
-0.457	0.465	-1.217
-0.433	0.510	-1.251
-0.368	0.489	-1.040
-0.289	0.424	-0.867
-0.101	0.479	-0.619
0.077	0.479	-0.382
0.131	0.404	-0.495
0.217	0.386	-0.713
0.217	0.648	-1.184
0.203	0.775	-1.413
-0.029	0.709	-1.447
-0.279	0.624	-1.131
-0.447	0.630	-0.815
-0.525	0.531	-0.890
-0.402	0.410	-0.946
-0.303	0.359	-0.784
-0.201	0.314	-0.551
-0.084	0.369	-0.498
0.005	0.404	-0.551
0.015	0.445	-0.641
-0.091	0.479	-0.698
-0.183	0.524	-0.788
-0.310	0.538	-0.894
-0.300	0.517	-0.924
-0.221	0.472	-0.950
-0.163	0.496	-1.010
-0.077	0.452	-1.142
0.059	0.496	-1.161
0.169	0.548	-1.101
0.077	0.500	-1.082
-0.012	0.459	-1.044
-0.108	0.493	-0.999
-0.201	0.459	-1.022
-0.242	0.486	-1.063
-0.235	0.452	-0.976
-0.224	0.441	-0.984
-0.166	0.455	-0.954
-0.101	0.558	-0.928
-0.057	0.589	-0.939
-0.033	0.524	-0.890
-0.088	0.428	-0.788
-0.129	0.318	-0.747
-0.159	0.331	-0.664
-0.238	0.534	-0.604
-0.238	0.654	-0.683
-0.156	0.630	-0.769
-0.094	0.496	-0.634
-0.064	0.349	-0.506
-0.036	0.269	-0.457
-0.071	0.349	-0.506
-0.067	0.527	-0.728
-0.047	0.675	-1.150
-0.077	0.637	-1.391
-0.132	0.675	-1.191
-0.163	0.706	-0.912
-0.139	0.713	-1.003
-0.074	0.765	-1.063
-0.067	0.630	-1.097
-0.098	0.245	-1.101
-0.094	0.091	-1.112
-0.112	0.049	-0.950
-0.197	0.108	-0.777
-0.255	0.276	-0.762
-0.344	0.558	-0.954
-0.348	0.895	-1.063
-0.330	1.170	-0.916
-0.283	0.916	-0.739
-0.105	0.417	-0.912
-0.019	0.142	-0.965
0.083	0.146	-0.852
0.111	0.349	-0.694
-0.019	0.434	-0.679
-0.050	0.517	-0.773
-0.019	0.455	-0.837
-0.118	0.314	-0.890
-0.194	0.276	-0.860
-0.245	0.373	-0.867
-0.313	0.496	-0.946
-0.348	0.624	-1.127
-0.361	0.606	-1.097
-0.265	0.531	-0.954
-0.156	0.366	-1.014
-0.057	0.311	-1.108
-0.023	0.297	-1.112
-0.040	0.342	-1.018
-0.132	0.455	-0.984
-0.228	0.441	-1.022
-0.252	0.603	-1.040
-0.368	0.727	-0.830
-0.262	0.713	-0.946
-0.303	0.500	-1.033
-0.245	0.349	-0.946
-0.149	0.259	-0.995
-0.016	0.228	-1.033
0.035	0.362	-0.909
0.032	0.582	-0.766
-0.033	0.520	-0.773
-0.067	0.369	-0.709
-0.071	0.283	-0.498
-0.129	0.287	-0.412
-0.159	0.177	-0.608
-0.235	0.091	-0.777
-0.190	0.297	-0.796
-0.194	0.562	-0.762
-0.289	0.850	-0.739
-0.399	0.802	-0.939
-0.324	0.689	-1.153
-0.081	0.575	-1.150
-0.002	0.373	-1.240
-0.064	0.297	-1.300
-0.146	0.424	-1.112
-0.224	0.610	-0.807
-0.286	0.548	-0.864
-0.265	0.410	-1.052
-0.286	0.386	-0.973
-0.300	0.338	-0.950
-0.248	0.187	-1.195
-0.207	0.094	-1.270
-0.279	0.104	-1.108
-0.382	0.225	-0.818
-0.177	0.520	-0.720
-0.077	0.665	-0.886
-0.016	0.747	-1.142
0.025	0.771	-1.259
-0.132	0.599	-1.048
-0.060	0.249	-1.067
-0.036	0.424	-0.961
-0.023	0.648	-0.683
-0.170	0.706	-0.513
-0.327	0.531	-0.596
-0.337	0.318	-0.600
-0.166	0.149	-0.513
-0.115	0.104	-0.570
-0.064	0.125	-0.589
-0.159	1.486	-1.564
-1.110	2.435	-0.615
-0.676	0.967	-1.086
-0.997	0.414	-1.063
0.364	-0.346	-1.616
-1.216	0.541	-0.882
-0.840	0.166	-0.551
-0.666	0.077	-0.645
-0.142	1.366	-0.235
0.022	1.074	-1.609
0.271	0.930	-1.312
-0.016	0.644	-1.003
-0.300	0.400	-0.916
-0.197	0.239	-0.882
-0.019	0.235	-0.950
0.090	0.311	-1.014
0.148	0.386	-0.961
0.046	0.469	-0.833
-0.081	0.586	-0.807
-0.084	0.672	-0.803
-0.033	0.524	-0.517
-0.047	0.352	-0.626
-0.064	0.218	-0.687
-0.125	0.434	-1.153
-0.382	0.912	-1.180
-0.440	1.184	-1.097
-0.430	0.919	-0.909
-0.228	0.534	-0.845
-0.081	0.414	-0.766
0.053	0.324	-0.668
0.118	0.225	-0.668
0.131	0.187	-0.687
0.165	0.239	-0.717
0.155	0.349	-0.777
0.046	0.417	-0.788
-0.098	0.565	-0.777
-0.235	0.734	-0.848
-0.296	0.630	-1.048
-0.365	0.634	-1.063
-0.300	0.569	-1.033
-0.153	0.517	-0.988
-0.019	0.386	-0.943
0.008	0.307	-1.018
-0.012	0.225	-1.116
0.087	0.379	-0.992
0.265	0.685	-0.909
0.237	0.723	-1.007
-0.029	0.589	-1.089
-0.242	0.428	-1.022
-0.300	0.338	-0.958
-0.317	0.297	-0.946
-0.283	0.297	-0.995
-0.238	0.369	-0.954
-0.166	0.544	-0.867
-0.036	0.699	-0.931
0.077	0.754	-1.010
0.159	0.665	-0.924
0.172	0.324	-0.649
0.183	0.115	-0.653
0.206	0.015	-0.747
0.196	0.073	-0.946
0.111	0.349	-0.826
-0.118	0.844	-0.912
-0.245	0.833	-1.191
-0.279	0.861	-1.025
-0.214	0.754	-0.709
-0.081	0.551	-0.800
0.087	0.349	-0.943
0.183	0.263	-0.905
0.183	0.245	-0.754
0.152	0.287	-0.608
0.059	0.335	-0.608
-0.033	0.410	-0.732
-0.153	0.606	-0.928
-0.242	0.692	-1.059
-0.214	0.569	-1.078
-0.112	0.379	-0.935
-0.002	0.280	-0.886
0.056	0.211	-0.961
0.100	0.242	-1.097
0.224	0.414	-1.063
0.265	0.527	-1.029
0.165	0.562	-1.014
0.022	0.551	-0.961
-0.088	0.489	-0.905
-0.166	0.410	-0.894
-0.245	0.307	-1.059
-0.279	0.256	-1.176
-0.334	0.252	-1.104
-0.354	0.331	-0.950
-0.218	0.359	-0.988
-0.019	0.338	-1.078
0.090	0.386	-0.995
0.104	0.479	-0.811
0.083	0.754	-0.660
0.053	0.641	-0.909
0.059	0.459	-0.950
0.063	0.390	-0.675
-0.002	0.311	-0.464
-0.026	0.249	-0.487
0.018	0.287	-0.754
0.053	0.283	-0.999
0.001	0.362	-1.052
0.015	0.548	-0.999
0.012	0.809	-0.939
-0.026	0.974	-0.969
-0.183	0.727	-1.165
-0.272	0.393	-1.108
-0.348	0.166	-1.048
-0.395	0.015	-1.202
-0.378	0.025	-1.014
-0.279	0.503	-0.965
-0.296	0.775	-0.931
-0.238	0.792	-1.059
-0.149	0.668	-1.048
0.018	0.462	-0.928
0.128	0.290	-0.965
0.309	0.290	-0.875
0.333	0.421	-0.724
0.145	0.479	-0.728
-0.012	0.541	-0.758
-0.183	0.527	-0.743
-0.344	0.472	-0.687
-0.375	0.386	-0.611
-0.293	0.355	-0.600
-0.194	0.438	-0.649
-0.170	0.493	-0.732
-0.166	0.520	-0.803
-0.115	0.486	-0.935
-0.064	0.510	-0.950
-0.088	0.520	-1.104
-0.091	0.548	-1.150
-0.067	0.679	-0.939
-0.033	0.648	-0.973
-0.057	0.599	-1.014
-0.098	0.507	-0.976
-0.122	0.404	-0.946
-0.101	0.373	-0.980
-0.084	0.307	-1.101
-0.057	0.314	-1.161
-0.067	0.459	-1.153
0.073	0.565	-0.950
0.015	0.500	-0.871
0.005	0.314	-0.905
-0.009	0.111	-1.052
-0.036	0.070	-0.928
-0.057	0.204	-0.901
-0.142	0.620	-0.920
-0.283	0.923	-0.916
-0.310	1.012	-0.769
-0.211	0.789	-0.777
-0.053	0.469	-0.890
0.077	0.328	-0.815
0.114	0.287	-0.709
0.066	0.287	-0.807
0.049	0.407	-0.815
0.104	0.610	-0.679
0.114	0.565	-0.577
0.114	0.359	-0.615
0.100	0.142	-0.848
0.059	0.087	-0.928
0.005	0.221	-1.025
-0.136	0.569	-1.059
-0.272	0.820	-1.048
-0.242	0.668	-1.168
-0.159	0.424	-1.123
-0.101	0.276	-1.086
0.035	0.249	-1.052
0.124	0.273	-0.969
0.148	0.328	-0.973
0.128	0.431	-0.958
0.029	0.541	-0.961
-0.050	0.603	-0.939
-0.122	0.565	-0.939
-0.142	0.472	-0.973
-0.108	0.386	-1.010
-0.026	0.335	-0.943
0.042	0.349	-0.811
0.107	0.345	-0.728
0.135	0.311	-0.769
0.097	0.294	-0.826
0.029	0.366	-0.818
-0.091	0.672	-0.679
-0.183	0.689	-0.905
-0.187	0.555	-0.992
-0.101	0.462	-0.720
-0.029	0.359	-0.615
0.063	0.263	-0.653
0.138	0.225	-0.818
0.196	0.304	-1.112
0.162	0.355	-1.214
0.059	0.555	-1.142
-0.019	0.823	-1.010
-0.071	0.926	-1.138
-0.094	0.802	-1.199
-0.146	0.465	-1.104
-0.177	0.146	-0.920
-0.194	-0.037	-0.931
-0.252	-0.047	-0.879
-0.293	0.225	-0.811
-0.139	0.823	-0.988
-0.026	1.112	-1.274
-0.067	0.919	-1.078
0.107	0.514	-0.909
0.189	0.228	-0.788
0.268	0.135	-0.777
0.292	0.190	-0.912
0.244	0.307	-0.875
0.032	0.541	-0.592
-0.118	0.593	-0.544
-0.238	0.531	-0.574
-0.368	0.445	-0.626
-0.361	0.273	-0.709
-0.289	0.252	-0.784
-0.180	0.311	-0.882
-0.115	0.459	-0.988
-0.057	0.548	-1.063
0.025	0.569	-1.112
0.070	0.541	-1.150
0.131	0.541	-1.165
0.179	0.586	-0.946
0.145	0.469	-0.939
0.073	0.421	-0.958
-0.050	0.373	-0.928
-0.156	0.390	-0.992
-0.221	0.407	-1.003
-0.224	0.386	-0.999
-0.183	0.397	-0.976
-0.173	0.421	-0.943
-0.156	0.599	-0.905
-0.101	0.613	-1.500
-0.136	0.624	-1.507
-0.156	0.740	-1.040
-0.071	0.603	-0.969
0.056	0.476	-0.988
0.128	0.531	-0.837
-0.023	0.544	-0.638
-0.108	0.431	-0.502
-0.094	0.221	-0.344
-0.077	0.084	-0.344
-0.084	0.015	-0.419
-0.142	0.049	-0.589
-0.252	0.197	-0.864
-0.337	0.393	-1.010
-0.413	0.799	-0.931
-0.443	1.005	-0.920
-0.375	0.947	-0.894
-0.194	0.775	-0.939
-0.016	0.599	-1.082
0.083	0.510	-1.210
0.107	0.493	-1.184
0.077	0.524	-0.992
0.056	0.620	-0.867
0.053	0.661	-0.875
-0.012	0.620	-0.894
-0.077	0.489	-0.833
-0.036	0.311	-0.702
-0.016	0.235	-0.596
-0.098	0.245	-0.562
-0.153	0.300	-0.720
-0.132	0.366	-0.916
-0.071	0.520	-1.059
-0.047	0.544	-1.003
0.012	0.520	-0.935
0.029	0.572	-0.950
-0.023	0.765	-0.950
-0.071	0.816	-1.029
-0.170	0.658	-1.187
-0.214	0.472	-1.044
-0.136	0.294	-0.875
-0.019	0.166	-0.867
0.059	0.197	-0.826
-0.019	0.273	-0.879
-0.105	0.486	-0.935
-0.053	0.844	-0.912
-0.125	1.115	-0.992
-0.149	1.105	-1.067
-0.074	0.747	-0.890
0.042	0.514	-0.837
0.128	0.307	-0.800
0.244	0.235	-0.743
0.237	0.252	-0.683
0.145	0.321	-0.611
0.077	0.311	-0.732
0.049	0.311	-0.818
-0.026	0.328	-0.796
-0.118	0.345	-0.766
-0.207	0.349	-0.811
-0.296	0.438	-0.931
-0.354	0.630	-0.969
-0.354	0.765	-0.931
-0.207	0.713	-0.984
-0.088	0.503	-1.018
0.018	0.311	-0.943
0.063	0.263	-0.961
0.056	0.280	-1.078
0.083	0.383	-1.086
0.077	0.520	-0.980
0.022	0.603	-0.943
-0.081	0.641	-0.950
-0.163	0.624	-0.973
-0.173	0.531	-0.984
-0.108	0.434	-1.018
-0.009	0.373	-1.048
0.008	0.369	-0.995
-0.002	0.476	-0.867
-0.012	0.541	-0.871
0.001	0.503	-0.897
0.029	0.404	-0.871
0.008	0.283	-0.788
-0.023	0.311	-0.653
-0.033	0.496	-0.532
0.008	0.538	-0.747
0.035	0.572	-0.796
0.025	0.548	-0.717
-0.108	0.510	-0.664
-0.201	0.462	-0.792
-0.286	0.414	-1.029
-0.224	0.404	-1.074
-0.197	0.397	-0.980
-0.153	0.514	-0.845
-0.153	0.620	-0.864
-0.029	0.823	-1.048
0.111	0.892	-1.187
0.107	0.789	-1.146
0.135	0.410	-1.120
0.179	0.190	-0.984
0.217	0.098	-0.837
0.285	0.084	-0.679
0.265	0.108	-0.600
0.066	0.273	-0.886
-0.207	0.589	-1.037
-0.556	1.163	-1.108
-0.604	1.273	-1.138
-0.529	0.881	-0.875
-0.286	0.431	-0.713
-0.088	0.242	-0.754
0.142	0.053	-0.852
0.234	0.005	-0.815
0.319	0.177	-0.717
0.360	0.507	-0.769
0.111	0.706	-0.864
-0.057	0.782	-1.074
-0.262	0.885	-1.052
-0.378	0.734	-0.890
-0.337	0.510	-0.845
-0.187	0.266	-0.830
-0.016	0.125	-0.792
0.087	0.132	-0.803
0.159	0.225	-0.946
0.186	0.441	-0.992
0.200	0.572	-0.950
0.100	0.658	-0.988
-0.098	0.586	-1.074
-0.201	0.572	-1.052
-0.272	0.617	-0.995
-0.272	0.596	-1.014
-0.156	0.551	-1.052
-0.043	0.489	-0.995
0.049	0.493	-0.909
0.138	0.483	-0.826
0.258	0.500	-0.818
0.299	0.486	-0.826
0.206	0.379	-0.841
0.059	0.342	-0.781
-0.033	0.483	-0.709
-0.101	0.679	-0.709
-0.118	0.740	-0.894
-0.047	0.665	-0.796
0.005	0.410	-0.630
0.029	0.242	-0.513
0.053	0.221	-0.483
0.087	0.324	-0.585
0.056	0.438	-0.909
-0.040	0.520	-1.180
-0.115	0.572	-1.214
-0.122	0.703	-1.097
-0.060	0.826	-0.995
0.049	0.823	-1.067
0.049	0.744	-1.123
0.042	0.644	-1.142
0.039	0.486	-1.063
0.100	0.297	-0.984
0.162	0.276	-0.928
0.186	0.428	-0.660
0.159	0.630	-0.513
0.159	0.579	-0.728
0.059	0.503	-0.852
-0.064	0.517	-0.705
-0.108	0.596	-0.724
-0.118	0.565	-0.781
-0.115	0.586	-0.852
-0.050	0.562	-0.848
0.046	0.510	-0.845
0.118	0.551	-0.754
0.224	0.651	-0.645
0.299	0.610	-0.713
0.319	0.527	-0.751
0.265	0.404	-0.713
0.172	0.311	-0.683
0.104	0.273	-0.769
0.001	0.300	-0.837
-0.129	0.448	-0.867
-0.218	0.644	-0.939
-0.235	0.730	-1.093
-0.091	0.627	-1.067
0.001	0.472	-0.965
0.042	0.362	-0.912
0.138	0.379	-0.969
0.230	0.434	-0.965
0.319	0.472	-0.965
0.313	0.428	-0.984
0.227	0.393	-1.025
0.104	0.431	-0.920
0.063	0.527	-0.826
0.070	0.572	-0.807
0.066	0.500	-0.931
0.090	0.455	-1.153
0.107	0.541	-1.089
0.094	0.538	-1.071
0.056	0.410	-1.025
-0.006	0.307	-0.939
-0.047	0.263	-0.920
-0.077	0.256	-0.879
-0.163	0.510	-0.705
-0.047	0.888	-0.608
0.083	0.792	-0.773
0.254	0.562	-0.875
0.432	0.404	-0.702
0.442	0.276	-0.536
0.326	0.153	-0.495
0.179	0.073	-0.698
0.114	0.070	-1.010
0.015	0.177	-1.353
-0.139	0.658	-1.150
-0.242	1.242	-0.871
-0.409	1.222	-0.848
-0.228	0.572	-1.221
-0.023	0.311	-1.394
0.077	0.170	-1.138
0.035	0.073	-1.033
0.042	0.043	-1.199
0.227	0.386	-1.010
0.224	0.758	-0.841
0.251	0.881	-0.713
0.313	0.675	-0.758
0.306	0.459	-0.754
0.292	0.335	-0.777
0.224	0.249	-0.777
0.155	0.269	-0.769
0.111	0.328	-0.766
0.039	0.379	-0.713
-0.012	0.397	-0.668
-0.053	0.431	-0.645
-0.006	0.544	-0.634
0.059	0.534	-0.777
0.083	0.455	-1.037
0.066	0.400	-1.176
0.066	0.349	-1.184
0.083	0.410	-1.157
0.077	0.599	-0.965
0.056	0.730	-0.912
0.066	0.716	-0.950
0.053	0.582	-0.920
0.001	0.355	-0.924
-0.006	0.122	-0.980
0.039	-0.012	-0.931
0.015	-0.088	-0.946
-0.053	-0.037	-1.056
-0.084	0.407	-0.901
-0.050	0.830	-0.905
0.070	0.830	-1.120
0.121	0.637	-1.018
0.217	0.544	-0.924
0.251	0.465	-0.822
0.230	0.428	-0.924
0.165	0.393	-0.939
-0.009	0.390	-0.890
-0.194	0.421	-0.830
-0.307	0.424	-0.766
-0.365	0.376	-0.822
-0.389	0.335	-0.830
-0.372	0.294	-0.762
-0.385	0.290	-0.724
-0.262	0.235	-0.781
-0.081	0.183	-1.161
0.039	0.424	-1.312
-0.098	0.610	-1.003
0.059	0.503	-1.112
0.066	0.269	-1.289
0.094	0.201	-1.116
0.124	0.111	-0.709
0.186	-0.002	-0.988
0.138	0.032	-1.364
0.039	0.428	-1.315
-0.156	1.198	-1.240
-0.187	1.177	-1.236
-0.170	0.706	-1.018
-0.170	0.362	-0.867
-0.163	0.239	-0.841
-0.173	0.149	-0.815
-0.177	0.183	-0.864
-0.180	0.183	-0.796
-0.132	0.218	-0.615
-0.050	0.379	-0.491
-0.019	0.410	-0.638
0.025	0.517	-0.800
0.131	0.744	-0.939
0.172	0.699	-1.067
0.111	0.541	-1.014
0.039	0.417	-0.961
-0.006	0.345	-1.007
-0.036	0.345	-0.935
-0.136	0.366	-0.852
-0.197	0.362	-0.826
-0.320	0.400	-0.769
-0.385	0.404	-0.845
-0.361	0.414	-0.905
-0.218	0.527	-0.841
-0.060	0.538	-0.845
0.073	0.524	-0.848
0.189	0.397	-0.886
0.258	0.259	-0.935
0.217	0.218	-0.935
0.124	0.307	-0.950
0.073	0.424	-0.965
-0.053	0.524	-1.063
-0.238	0.431	-1.089
-0.146	0.452	-0.830
-0.170	0.486	-0.943
-0.156	0.359	-1.078
-0.118	0.342	-1.150
-0.088	0.407	-1.120
-0.084	0.462	-1.078
-0.050	0.500	-1.086
0.012	0.565	-1.093
-0.006	0.500	-1.225
-0.053	0.459	-1.342
-0.170	0.434	-1.131
-0.242	0.510	-0.958
-0.180	0.555	-0.830
-0.077	0.599	-0.792
-0.012	0.544	-0.773
0.022	0.407	-0.679
0.046	0.249	-0.472
0.080	0.249	-0.352
0.066	0.287	-0.367
0.012	0.324	-0.521
0.039	0.397	-0.777
0.063	0.503	-0.848
0.039	0.562	-0.796
-0.016	0.548	-0.702
-0.019	0.572	-0.664
0.022	0.582	-0.728
0.083	0.524	-0.909
0.138	0.448	-1.074
0.097	0.410	-1.116
0.059	0.534	-1.104
0.025	0.692	-1.127
-0.053	0.775	-1.135
-0.091	0.720	-1.063
-0.081	0.520	-0.954
-0.067	0.362	-0.969
-0.023	0.283	-0.935
0.039	0.139	-0.882
0.059	0.046	-0.664
0.080	-0.019	-0.732
0.179	0.135	-0.796
0.121	0.775	-0.894
-0.153	0.957	-1.210
-0.201	1.015	-1.492
-0.245	0.730	-0.939
-0.190	0.489	-0.732
-0.064	0.307	-0.773
0.077	0.173	-0.852
0.200	0.180	-0.815
0.330	0.242	-0.781
0.360	0.324	-0.860
0.200	0.321	-0.943
-0.053	0.342	-0.976
-0.289	0.510	-0.909
-0.450	0.637	-0.860
-0.484	0.627	-0.894
-0.334	0.424	-0.924
-0.201	0.307	-0.879
-0.091	0.187	-0.931
0.042	0.173	-1.033
0.179	0.294	-0.943
0.340	0.503	-0.935
0.230	0.517	-1.033
0.063	0.476	-1.074
-0.125	0.445	-0.984
-0.187	0.428	-0.950
-0.149	0.366	-1.029
-0.071	0.328	-1.112
-0.047	0.335	-1.074
0.018	0.355	-0.943
0.087	0.307	-0.950
0.131	0.256	-0.815
0.138	0.180	-0.702
0.097	0.108	-0.717
0.015	0.128	-0.939
-0.194	0.366	-1.116
-0.419	0.682	-1.342
-0.419	0.727	-1.394
-0.245	0.734	-1.161
-0.122	0.548	-1.040
-0.036	0.417	-1.048
0.100	0.404	-0.961
0.282	0.476	-0.694
0.336	0.438	-0.521
0.258	0.276	-0.370
0.186	0.139	-0.348
0.138	0.077	-0.547
0.070	0.018	-1.007
0.029	0.104	-1.376
-0.026	0.321	-1.383
-0.173	0.624	-1.180
-0.218	0.754	-1.086
-0.214	0.765	-1.086
-0.207	0.613	-1.048
-0.183	0.452	-0.950
-0.149	0.256	-0.897
-0.029	0.242	-0.882
0.070	0.256	-0.818
0.152	0.263	-0.675
0.162	0.321	-0.619
0.107	0.393	-0.615
-0.043	0.496	-0.736
-0.218	0.551	-0.980
-0.248	0.565	-1.108
-0.156	0.534	-1.146
-0.053	0.479	-1.022
-0.050	0.476	-0.958
0.008	0.599	-0.773
0.073	0.713	-0.818
0.114	0.455	-1.161
0.032	0.132	-1.635
-0.098	0.228	-1.263
-0.214	0.517	-1.082
-0.187	0.637	-1.161
-0.118	0.692	-1.240
-0.074	0.737	-1.044
0.059	0.685	-0.984
0.162	0.668	-0.845
0.155	0.558	-0.656
0.087	0.314	-0.480
0.073	0.166	-0.333
0.087	0.108	-0.246
0.066	0.128	-0.306
-0.009	0.173	-0.427
-0.101	0.359	-0.649
-0.310	0.624	-0.803
-0.464	0.795	-0.792
-0.659	0.940	-0.544
-0.696	0.679	-0.656
-0.471	0.507	-0.864
-0.197	0.452	-0.931
-0.033	0.390	-1.010
0.046	0.452	-1.052
0.090	0.562	-1.071
0.159	0.654	-1.059
0.100	0.713	-1.063
0.077	0.696	-1.142
0.077	0.682	-1.029
-0.009	0.517	-0.965
-0.149	0.400	-0.901
-0.310	0.472	-0.766
-0.426	0.500	-0.852
-0.519	0.462	-1.040
-0.450	0.472	-0.935
-0.310	0.462	-0.852
-0.129	0.445	-0.886
-0.006	0.510	-0.943
0.018	0.434	-1.082
-0.047	0.441	-1.048
-0.057	0.634	-1.003
-0.228	0.744	-1.101
-0.180	0.850	-0.833
-0.180	0.806	-0.645
-0.228	0.524	-0.329
-0.197	0.122	-0.363
-0.149	-0.043	-0.766
-0.067	0.012	-0.848
-0.012	0.321	-0.935
-0.019	0.648	-0.999
-0.077	1.026	-1.138
-0.067	1.036	-1.059
-0.023	0.892	-0.852
-0.088	0.651	-0.807
-0.180	0.410	-0.890
-0.194	0.307	-0.837
-0.218	0.259	-0.672
-0.221	0.304	-0.581
-0.214	0.318	-0.638
-0.173	0.366	-0.739
-0.091	0.520	-0.912
-0.057	0.610	-0.992
-0.149	0.723	-1.093
-0.265	0.775	-1.048
-0.286	0.737	-1.067
-0.265	0.562	-0.965
-0.255	0.417	-0.815
-0.235	0.362	-0.781
-0.228	0.324	-0.875
-0.153	0.404	-0.845
-0.149	0.486	-0.679
-0.173	0.507	-0.634
-0.204	0.421	-0.777
-0.170	0.342	-0.886
-0.088	0.448	-0.848
-0.012	0.462	-0.897
0.049	0.445	-0.954
0.128	0.397	-0.984
0.224	0.373	-0.954
0.422	0.428	-1.018
0.545	0.544	-1.108
0.401	0.507	-1.217
0.008	0.342	-1.180
-0.255	0.263	-1.071
-0.378	0.269	-0.992
-0.464	0.414	-0.995
-0.440	0.551	-0.916
-0.344	0.586	-0.864
-0.149	0.551	-0.894
0.012	0.527	-0.969
0.124	0.514	-0.958
0.186	0.531	-0.905
0.162	0.424	-0.886
0.046	0.283	-0.882
-0.081	0.221	-0.856
-0.122	0.194	-0.732
-0.132	0.259	-0.736
-0.180	0.421	-0.664
-0.163	0.644	-0.713
0.022	0.734	-0.867
0.094	0.665	-0.901
0.059	0.417	-0.894
0.022	0.294	-0.815
-0.023	0.242	-0.739
-0.081	0.304	-0.773
-0.136	0.383	-0.969
-0.105	0.441	-1.150
0.104	0.613	-1.104
0.210	0.679	-1.029
0.159	0.613	-0.815
0.080	0.524	-0.973
0.053	0.465	-1.146
-0.047	0.280	-1.613
-0.231	0.462	-1.391
-0.348	0.744	-1.187
-0.443	0.713	-1.082
-0.372	0.514	-0.946
-0.228	0.366	-0.882
-0.177	0.266	-0.751
-0.043	0.242	-0.574
-0.002	0.214	-0.664
0.049	0.290	-0.698
0.080	0.307	-0.683
0.094	0.331	-0.664
0.100	0.383	-0.664
0.100	0.459	-0.739
0.107	0.544	-0.807
0.059	0.668	-0.890
-0.050	0.778	-0.912
-0.163	0.758	-0.864
-0.337	0.431	-0.988
-0.389	0.428	-0.890
-0.423	0.520	-0.784
-0.378	0.541	-0.931
-0.269	0.534	-0.958
-0.159	0.503	-0.928
-0.077	0.438	-0.897
-0.029	0.452	-0.848
-0.036	0.534	-0.769
-0.108	0.531	-0.781
-0.115	0.476	-0.826
-0.088	0.417	-0.777
-0.077	0.376	-0.743
-0.088	0.328	-0.841
-0.088	0.407	-0.980
-0.170	0.558	-1.037
-0.238	0.627	-1.044
-0.255	0.459	-1.037
-0.173	0.503	-0.830
-0.142	0.476	-0.845
-0.139	0.404	-0.992
-0.153	0.503	-0.894
-0.187	0.610	-0.837
-0.197	0.514	-0.958
-0.166	0.476	-0.961
-0.149	0.493	-0.939
-0.163	0.404	-0.943
-0.129	0.441	-1.029
-0.098	0.544	-0.946
-0.108	0.613	-0.943
-0.170	0.551	-1.131
-0.166	0.527	-1.165
-0.136	0.520	-1.108
-0.115	0.627	-0.939
-0.190	0.627	-0.916
-0.183	0.737	-0.769
-0.201	0.606	-0.668
-0.242	0.345	-0.619
-0.177	0.232	-0.472
-0.139	0.187	-0.412
-0.118	0.235	-0.495
-0.098	0.417	-0.713
-0.156	0.682	-0.928
-0.286	0.940	-1.097
-0.183	0.940	-0.946
-0.108	0.734	-0.818
-0.125	0.483	-0.660
-0.180	0.324	-0.532
-0.214	0.276	-0.540
-0.153	0.355	-0.626
-0.098	0.514	-0.811
-0.098	0.627	-0.935
-0.101	0.641	-0.976
0.025	0.644	-0.875
0.077	0.548	-0.912
0.063	0.514	-0.969
0.039	0.575	-0.988
-0.043	0.620	-0.909
-0.142	0.465	-0.943
-0.201	0.476	-0.886
-0.245	0.593	-0.830
-0.327	0.531	-0.954
-0.269	0.483	-0.976
-0.156	0.414	-0.886
-0.036	0.366	-0.928
0.039	0.359	-0.958
0.090	0.397	-0.950
0.172	0.486	-1.067
0.213	0.534	-1.093
0.100	0.465	-1.059
-0.060	0.355	-1.007
-0.159	0.311	-0.973
-0.283	0.328	-0.751
-0.300	0.517	-0.728
-0.255	0.747	-0.807
-0.207	0.878	-0.856
-0.190	0.775	-1.007
-0.136	0.610	-0.909
-0.088	0.514	-0.769
-0.074	0.503	-0.766
-0.115	0.548	-0.720
-0.159	0.569	-0.656
-0.180	0.479	-0.634
-0.201	0.410	-0.619
-0.159	0.345	-0.675
-0.057	0.245	-0.754
0.035	0.214	-0.815
0.087	0.211	-0.924
0.107	0.311	-1.048
0.107	0.476	-1.071
0.059	0.675	-1.025
-0.040	0.737	-1.093
-0.142	0.648	-1.153
-0.201	0.486	-1.266
-0.207	0.393	-1.274
-0.214	0.297	-1.236
-0.118	0.259	-1.161
-0.101	0.221	-0.916
-0.023	0.400	-0.920
-0.067	0.651	-0.758
0.012	0.548	-0.954
0.032	0.459	-0.826
-0.084	0.500	-0.807
-0.098	0.565	-0.894
-0.122	0.692	-1.101
-0.166	0.789	-0.905
-0.159	0.723	-0.777
-0.139	0.500	-0.751
-0.153	0.397	-0.754
-0.211	0.483	-0.645
-0.348	0.637	-0.457
-0.474	0.428	-0.709
-0.368	0.304	-0.766
-0.163	0.259	-0.679
-0.053	0.242	-0.623
-0.009	0.245	-0.690
0.039	0.314	-0.818
0.056	0.579	-0.879
0.042	0.740	-1.014
-0.019	0.699	-1.022
0.005	0.696	-0.894
0.025	0.586	-0.950
-0.009	0.544	-1.007
-0.159	0.483	-1.074
-0.296	0.493	-1.037
-0.378	0.527	-0.886
-0.358	0.514	-0.909
-0.293	0.531	-0.935
-0.224	0.469	-1.007
-0.214	0.431	-1.007
-0.142	0.489	-0.950
-0.115	0.465	-0.931
-0.101	0.431	-1.014
-0.053	0.438	-0.992
-0.029	0.476	-0.954
-0.023	0.510	-0.856
-0.057	0.379	-0.852
-0.050	0.373	-0.886
-0.053	0.493	-0.762
-0.101	0.730	-0.946
-0.177	0.744	-0.728
-0.262	0.637	-0.664
-0.385	0.472	-0.702
-0.317	0.445	-0.683
-0.255	0.397	-0.660
-0.177	0.386	-0.736
-0.125	0.496	-0.796
-0.115	0.620	-0.792
-0.125	0.661	-0.845
-0.105	0.486	-0.856
-0.026	0.355	-0.762
0.042	0.287	-0.683
0.066	0.335	-0.619
0.025	0.445	-0.732
-0.112	0.524	-1.056
-0.190	0.630	-1.138
-0.170	0.599	-1.146
-0.074	0.455	-1.142
-0.029	0.352	-1.123
-0.033	0.438	-1.044
-0.101	0.517	-0.879
-0.156	0.455	-0.882
-0.211	0.328	-1.097
-0.231	0.300	-1.142
-0.224	0.311	-1.120
-0.279	0.290	-1.078
-0.337	0.187	-0.939
-0.259	0.146	-0.781
-0.033	0.146	-0.852
0.179	0.479	-0.920
0.118	1.125	-0.747
0.063	1.009	-0.675
0.015	0.544	-1.093
-0.040	0.307	-1.304
-0.101	0.208	-1.248
-0.033	0.228	-1.074
-0.026	0.300	-1.052
-0.064	0.469	-0.912
-0.170	0.541	-0.882
-0.235	0.610	-0.939
-0.153	0.696	-0.864
-0.207	0.562	-0.653
-0.231	0.324	-0.592
-0.170	0.135	-0.547
-0.064	0.036	-0.604
-0.002	0.005	-0.739
0.073	0.118	-0.969
0.097	0.345	-1.168
0.148	0.658	-1.104
0.213	0.758	-1.165
0.268	0.661	-1.199
0.254	0.538	-1.157
0.104	0.373	-1.071
0.008	0.311	-1.063
-0.081	0.266	-1.093
-0.190	0.321	-1.018
-0.324	0.448	-0.848
-0.505	0.517	-0.871
-0.450	0.496	-0.950
-0.303	0.438	-1.007
-0.112	0.434	-1.003
0.032	0.489	-0.852
0.046	0.434	-0.841
0.035	0.345	-0.807
-0.002	0.307	-0.705
0.029	0.352	-0.649
0.056	0.397	-0.698
0.056	0.383	-0.769
0.008	0.362	-0.702
-0.094	0.355	-0.480
-0.177	0.431	-0.592
-0.105	0.544	-0.950
-0.002	0.826	-1.221
-0.094	0.833	-1.221
-0.194	0.617	-1.029
-0.224	0.431	-0.946
-0.146	0.397	-1.014
-0.098	0.465	-1.048
-0.118	0.555	-0.950
-0.211	0.527	-0.830
-0.245	0.507	-0.800
-0.252	0.503	-0.762
-0.238	0.459	-0.675
-0.211	0.445	-0.638
-0.183	0.476	-0.668
-0.166	0.424	-0.720
-0.136	0.414	-0.626
-0.033	0.379	-0.675
0.022	0.342	-0.833
0.220	-1.986	-1.854
-0.177	1.277	-1.846
0.203	1.174	-1.074
0.289	0.472	-0.592
-0.136	1.112	-1.692
-0.440	1.064	-1.394
-0.573	-1.786	-0.404
-0.967	0.878	-1.360
-0.351	0.593	-1.248
0.148	0.194	-1.157
0.237	0.263	-1.097
0.142	0.280	-0.980
-0.006	0.159	-0.905
-0.173	0.101	-0.830
-0.289	0.125	-0.784
-0.385	0.197	-0.788
-0.392	0.318	-0.683
-0.324	0.500	-0.864
-0.320	0.606	-0.826
-0.296	0.744	-1.018
-0.231	0.792	-0.946
-0.170	0.651	-0.807
-0.050	0.593	-0.717
0.012	0.630	-0.720
0.053	0.527	-0.848
0.039	0.407	-0.867
0.039	0.300	-0.675
0.018	0.225	-0.461
-0.002	0.166	-0.427
0.012	0.170	-0.472
0.029	0.294	-0.566
0.012	0.428	-0.690
-0.047	0.524	-1.033
-0.094	0.641	-1.225
-0.098	0.627	-1.104
-0.081	0.476	-1.116
-0.050	0.407	-1.120
-0.064	0.417	-1.135
-0.146	0.510	-1.104
-0.197	0.599	-1.059
-0.177	0.538	-1.029
-0.166	0.397	-0.980
-0.180	0.263	-1.063
-0.194	0.211	-1.052
-0.214	0.300	-1.018
-0.272	0.620	-0.468
-0.262	0.544	-0.269
-0.177	0.204	-0.239
-0.077	0.063	-0.359
0.053	0.070	-0.826
0.097	0.558	-1.255
-0.094	0.799	-1.895
-0.105	0.919	-1.729
-0.112	0.730	-0.954
-0.053	0.452	-0.879
0.042	0.304	-1.063
0.022	0.379	-0.984
-0.064	0.486	-0.736
-0.084	0.527	-0.656
-0.057	0.441	-0.675
-0.053	0.386	-0.645
-0.084	0.263	-0.544
-0.088	0.122	-0.446
-0.074	0.073	-0.442
-0.033	0.049	-0.592
0.001	0.201	-0.811
-0.040	0.541	-0.924
-0.286	1.022	-1.048
-0.201	0.820	-1.334
-0.088	0.538	-1.165
-0.029	0.345	-0.965
-0.006	0.245	-0.965
-0.033	0.266	-1.014
-0.091	0.376	-1.037
-0.173	0.541	-0.916
-0.265	0.689	-0.894
-0.231	0.658	-0.995
-0.201	0.514	-1.071
-0.149	0.428	-0.988
