0.080	0.307	-0.939
0.148	0.345	-0.916
0.155	0.349	-0.848
0.124	0.314	-0.784
0.104	0.249	-0.709
0.059	0.232	-0.736
0.005	0.239	-0.867
-0.112	0.283	-1.086
-0.183	0.489	-1.059
-0.180	0.737	-1.044
-0.040	0.857	-1.071
0.145	0.627	-1.146
0.186	0.400	-1.176
0.100	0.173	-1.097
-0.002	0.080	-0.961
-0.074	0.080	-0.905
-0.136	0.194	-0.807
-0.122	0.414	-0.758
-0.091	0.555	-0.705
-0.081	0.507	-0.705
-0.012	0.318	-0.736
0.046	0.125	-0.826
0.056	0.125	-0.867
-0.040	0.283	-0.815
-0.115	0.424	-0.769
-0.118	0.441	-0.777
-0.026	0.410	-0.920
0.012	0.404	-0.995
-0.026	0.428	-1.033
0.001	0.441	-0.992
0.005	0.448	-0.943
-0.036	0.459	-0.912
-0.036	0.462	-0.992
-0.040	0.459	-1.040
-0.016	0.548	-1.086
0.022	0.586	-1.048
0.012	0.489	-0.999
-0.012	0.335	-0.841
-0.029	0.197	-0.732
-0.023	0.104	-0.720
0.005	0.067	-0.720
0.015	0.077	-0.751
0.012	0.111	-0.864
0.008	0.232	-1.003
-0.026	0.483	-0.943
-0.043	0.641	-0.867
-0.033	0.641	-0.954
0.008	0.514	-1.138
0.015	0.455	-1.161
0.018	0.410	-1.116
0.001	0.328	-1.071
-0.050	0.232	-1.033
-0.071	0.177	-0.950
-0.057	0.232	-0.890
-0.036	0.376	-0.848
-0.019	0.541	-0.905
-0.060	0.493	-0.980
-0.067	0.383	-0.912
-0.016	0.242	-0.769
-0.040	0.146	-0.683
-0.016	0.111	-0.683
0.111	0.098	-0.830
0.131	0.125	-1.033
0.100	0.287	-1.063
0.056	0.503	-1.108
0.049	0.599	-1.101
0.032	0.558	-1.086
-0.053	0.448	-1.056
-0.098	0.331	-1.048
-0.122	0.276	-1.033
-0.129	0.183	-0.943
-0.088	0.115	-0.879
-0.057	0.087	-0.916
-0.053	0.166	-0.988
0.022	0.383	-0.931
0.059	0.531	-0.886
0.053	0.555	-0.909
0.005	0.342	-0.894
0.042	0.245	-0.788
0.070	0.173	-0.694
0.066	0.108	-0.762
0.053	0.073	-0.946
0.042	0.101	-1.153
-0.009	0.252	-1.157
-0.047	0.448	-0.984
-0.026	0.582	-0.920
-0.026	0.503	-0.992
-0.040	0.369	-1.078
-0.023	0.276	-1.176
0.001	0.221	-1.153
0.015	0.197	-1.056
0.001	0.170	-0.973
-0.023	0.180	-0.912
-0.033	0.221	-0.871
-0.012	0.300	-0.784
0.012	0.355	-0.781
0.046	0.338	-0.811
0.090	0.311	-0.864
0.070	0.300	-0.830
0.035	0.269	-0.860
-0.006	0.211	-0.965
-0.036	0.187	-1.056
-0.047	0.269	-1.044
0.001	0.386	-1.014
0.042	0.404	-1.007
0.049	0.349	-1.063
0.025	0.266	-1.195
-0.023	0.214	-1.146
-0.047	0.166	-1.037
-0.074	0.122	-0.931
-0.067	0.125	-0.833
-0.029	0.173	-0.811
-0.006	0.290	-0.807
-0.026	0.407	-0.822
-0.077	0.424	-0.852
-0.064	0.335	-0.890
-0.012	0.214	-0.864
0.025	0.125	-0.833
0.053	0.077	-0.909
0.053	0.063	-1.063
0.039	0.091	-1.127
0.005	0.166	-1.059
-0.016	0.249	-0.999
0.001	0.324	-1.037
0.025	0.438	-1.086
-0.002	0.479	-1.086
-0.053	0.414	-1.067
-0.084	0.283	-0.995
-0.064	0.190	-0.965
-0.040	0.159	-0.961
0.018	0.153	-0.879
0.073	0.180	-0.837
0.121	0.180	-0.830
0.172	0.177	-0.792
0.210	0.177	-0.894
0.183	0.156	-1.025
0.097	0.166	-1.131
-0.019	0.208	-1.082
-0.101	0.235	-1.022
-0.163	0.276	-0.943
-0.139	0.324	-0.890
-0.067	0.335	-0.912
0.029	0.321	-0.961
0.087	0.300	-1.056
0.121	0.221	-1.123
0.138	0.159	-1.161
0.124	0.125	-1.123
0.087	0.139	-1.074
0.059	0.173	-0.939
0.042	0.239	-0.815
0.049	0.273	-0.739
0.077	0.259	-0.732
0.121	0.235	-0.781
0.124	0.256	-0.796
0.090	0.276	-0.909
0.073	0.263	-1.131
0.100	0.352	-1.255
0.073	0.538	-1.161
-0.012	0.617	-1.063
-0.057	0.493	-1.093
-0.053	0.304	-1.101
0.022	0.204	-1.089
0.070	0.153	-1.056
0.094	0.128	-0.988
0.059	0.135	-0.882
0.056	0.170	-0.807
0.145	0.280	-0.736
0.261	0.417	-0.687
0.271	0.441	-0.690
0.292	0.400	-0.705
0.316	0.304	-0.743
0.302	0.235	-0.777
0.261	0.187	-0.916
0.179	0.245	-0.943
0.066	0.304	-0.875
-0.029	0.287	-0.864
-0.077	0.307	-0.931
-0.053	0.421	-0.954
-0.029	0.524	-1.010
-0.043	0.507	-1.014
-0.053	0.503	-1.007
-0.071	0.479	-1.022
-0.084	0.421	-1.071
-0.088	0.314	-1.056
-0.067	0.276	-0.943
0.015	0.307	-0.920
0.063	0.369	-1.025
0.107	0.417	-1.089
0.142	0.414	-0.980
0.159	0.342	-0.788
0.142	0.256	-0.683
0.114	0.173	-0.623
0.077	0.087	-0.683
0.025	0.046	-0.890
-0.101	0.197	-1.052
-0.132	0.555	-1.018
-0.098	0.734	-1.010
-0.108	0.692	-1.003
-0.146	0.472	-0.988
-0.142	0.359	-1.007
-0.108	0.359	-1.056
-0.067	0.383	-0.988
-0.040	0.355	-0.924
-0.071	0.379	-0.946
-0.197	0.407	-0.901
-0.248	0.349	-0.912
-0.187	0.311	-0.860
-0.088	0.259	-0.773
-0.016	0.180	-0.751
0.066	0.156	-0.694
0.100	0.208	-0.623
0.073	0.197	-0.837
0.025	0.259	-1.097
-0.029	0.393	-1.138
-0.060	0.507	-1.025
-0.043	0.620	-0.905
-0.050	0.586	-0.939
-0.112	0.448	-1.010
-0.183	0.321	-1.029
-0.201	0.321	-1.033
-0.201	0.349	-1.056
-0.142	0.324	-0.969
-0.060	0.280	-0.894
-0.006	0.259	-0.897
-0.050	0.266	-0.946
-0.118	0.263	-0.995
-0.077	0.311	-0.935
0.046	0.390	-0.871
0.111	0.369	-0.830
0.053	0.314	-0.747
0.012	0.349	-0.679
-0.023	0.266	-0.845
-0.057	0.118	-1.029
-0.071	0.104	-1.059
-0.012	0.221	-0.995
0.001	0.318	-0.999
-0.053	0.345	-1.018
-0.108	0.404	-1.097
-0.149	0.476	-1.135
-0.125	0.476	-1.086
-0.098	0.383	-1.018
-0.060	0.214	-0.992
-0.029	0.118	-0.935
0.022	0.094	-0.864
0.080	0.118	-0.822
0.104	0.142	-0.822
0.087	0.214	-0.822
0.080	0.259	-0.901
0.039	0.180	-1.040
0.012	0.173	-1.078
0.008	0.263	-1.029
-0.033	0.349	-0.969
-0.074	0.359	-0.928
-0.115	0.304	-0.928
-0.115	0.242	-0.988
-0.112	0.197	-1.048
-0.071	0.190	-1.048
-0.012	0.177	-1.014
0.012	0.170	-0.965
0.035	0.163	-0.992
0.039	0.204	-1.033
0.018	0.273	-1.078
0.012	0.280	-1.048
0.073	0.294	-0.901
0.162	0.331	-0.792
0.152	0.259	-0.788
0.083	0.142	-0.826
0.053	0.070	-0.924
0.042	0.084	-0.965
-0.026	0.142	-1.082
-0.053	0.228	-1.161
-0.060	0.376	-1.086
-0.067	0.551	-1.029
-0.084	0.507	-1.044
-0.101	0.318	-1.127
-0.091	0.235	-1.153
-0.019	0.156	-1.150
0.032	0.098	-1.044
0.049	0.077	-0.969
0.042	0.049	-0.924
0.008	0.111	-0.871
-0.029	0.269	-0.800
-0.088	0.514	-0.728
-0.071	0.617	-0.739
-0.026	0.589	-0.800
0.049	0.390	-0.886
0.053	0.087	-1.033
0.022	0.005	-1.078
0.005	0.084	-0.954
-0.029	0.235	-0.845
-0.047	0.331	-0.841
-0.057	0.441	-0.901
-0.077	0.441	-1.029
-0.060	0.428	-1.093
-0.016	0.479	-1.033
0.012	0.514	-0.965
-0.033	0.459	-0.912
-0.091	0.345	-0.920
-0.142	0.311	-0.958
-0.201	0.311	-1.040
-0.255	0.252	-0.992
-0.235	0.232	-0.769
-0.190	0.252	-0.626
-0.112	0.307	-0.577
-0.023	0.311	-0.702
0.025	0.342	-0.837
0.001	0.376	-1.165
0.049	0.479	-1.116
0.066	0.630	-1.048
-0.071	0.881	-1.025
-0.279	0.947	-1.195
-0.368	0.740	-1.206
-0.389	0.410	-1.089
-0.351	0.362	-1.022
-0.245	0.300	-0.939
-0.060	0.166	-0.837
0.053	0.139	-0.826
0.097	0.166	-0.830
0.142	0.307	-0.732
0.018	0.376	-0.608
-0.139	0.331	-0.577
-0.207	0.307	-0.532
-0.187	0.139	-0.649
-0.163	0.225	-0.792
-0.163	0.599	-1.040
-0.006	0.620	-1.120
0.012	0.558	-1.018
-0.077	0.469	-0.897
-0.170	0.390	-0.871
-0.194	0.438	-0.848
-0.173	0.486	-0.830
-0.207	0.476	-0.901
-0.283	0.500	-0.954
-0.337	0.558	-0.988
-0.283	0.596	-0.916
-0.224	0.534	-0.867
-0.173	0.510	-0.871
-0.242	0.527	-0.909
-0.382	0.507	-0.973
-0.365	0.455	-0.912
-0.204	0.493	-0.724
-0.108	0.438	-0.656
-0.047	0.314	-0.694
-0.094	0.214	-0.784
-0.132	0.276	-0.822
-0.173	0.397	-0.860
-0.163	0.496	-0.909
-0.122	0.555	-0.924
-0.115	0.703	-0.909
-0.159	0.744	-0.939
-0.242	0.606	-1.007
-0.286	0.455	-0.965
-0.300	0.434	-0.958
-0.296	0.472	-0.939
-0.242	0.479	-0.860
-0.248	0.483	-0.897
-0.372	0.469	-0.954
-0.413	0.514	-0.905
-0.337	0.610	-0.713
-0.221	0.472	-0.683
-0.071	0.328	-0.476
-0.060	0.201	-0.498
-0.125	0.221	-0.961
0.025	0.469	-1.093
0.073	0.610	-0.958
0.049	0.661	-0.928
-0.026	0.661	-0.988
-0.211	0.534	-1.022
-0.361	0.452	-0.965
-0.437	0.486	-0.969
-0.460	0.548	-0.965
-0.375	0.527	-0.965
-0.242	0.404	-0.965
-0.071	0.324	-0.999
-0.053	0.459	-0.894
-0.197	0.589	-0.728
-0.262	0.613	-0.656
-0.146	0.469	-0.574
-0.088	0.266	-0.630
-0.053	0.276	-0.807
0.032	0.489	-0.920
0.005	0.507	-0.860
-0.156	0.393	-0.845
-0.276	0.404	-0.867
-0.279	0.500	-0.871
-0.197	0.589	-0.841
-0.197	0.575	-0.826
-0.245	0.514	-0.867
-0.307	0.476	-0.920
-0.324	0.544	-0.924
-0.310	0.507	-0.912
-0.221	0.493	-0.845
-0.180	0.603	-0.807
-0.289	0.575	-0.886
-0.378	0.514	-0.943
-0.214	0.520	-0.837
-0.122	0.517	-0.766
-0.071	0.362	-0.788
-0.019	0.328	-0.698
-0.043	0.311	-0.777
-0.084	0.352	-0.946
-0.067	0.462	-0.901
-0.101	0.510	-0.864
-0.149	0.517	-0.909
-0.132	0.541	-0.879
-0.112	0.582	-0.879
-0.156	0.582	-0.916
-0.279	0.527	-0.958
-0.354	0.500	-0.950
-0.365	0.476	-0.882
-0.361	0.459	-0.879
-0.341	0.462	-0.882
-0.324	0.486	-0.818
-0.248	0.465	-0.818
-0.163	0.410	-0.833
-0.067	0.355	-0.845
0.001	0.431	-0.645
-0.002	0.493	-0.562
-0.098	0.400	-0.924
-0.139	0.335	-1.127
-0.074	0.400	-1.029
-0.088	0.541	-0.943
-0.142	0.747	-1.052
-0.194	0.830	-1.093
-0.289	0.737	-1.018
-0.413	0.448	-0.928
-0.402	0.297	-0.924
-0.283	0.197	-0.894
-0.159	0.263	-0.837
-0.108	0.376	-0.856
-0.088	0.469	-0.867
-0.084	0.514	-0.781
-0.098	0.517	-0.717
-0.115	0.544	-0.544
-0.156	0.434	-0.702
-0.194	0.324	-1.003
-0.166	0.328	-0.995
-0.098	0.452	-0.852
-0.146	0.424	-0.845
-0.170	0.390	-0.864
-0.166	0.421	-0.871
-0.132	0.489	-0.833
-0.156	0.613	-0.833
-0.289	0.527	-0.924
-0.354	0.465	-0.984
-0.272	0.541	-0.939
-0.211	0.586	-0.961
-0.156	0.551	-0.958
-0.142	0.534	-0.943
-0.221	0.620	-0.882
-0.375	0.562	-0.909
-0.413	0.373	-0.845
-0.228	0.335	-0.694
-0.105	0.324	-0.660
-0.012	0.249	-0.675
0.046	0.242	-0.664
0.053	0.266	-0.717
-0.033	0.393	-0.841
-0.129	0.434	-1.138
-0.125	0.524	-1.116
-0.125	0.630	-0.909
-0.153	0.620	-0.818
-0.170	0.538	-0.879
-0.259	0.434	-0.988
-0.300	0.438	-0.984
-0.272	0.479	-0.954
-0.211	0.489	-0.946
-0.129	0.459	-0.969
-0.084	0.410	-0.980
-0.057	0.376	-0.905
-0.023	0.359	-0.826
0.012	0.362	-0.803
0.053	0.421	-0.702
0.039	0.489	-0.720
-0.043	0.400	-0.946
-0.112	0.328	-1.104
-0.040	0.324	-1.067
0.015	0.424	-1.093
0.049	0.692	-1.120
-0.136	0.809	-1.097
-0.303	0.665	-1.093
-0.375	0.531	-1.018
-0.238	0.404	-0.882
-0.094	0.276	-0.762
0.015	0.211	-0.773
0.008	0.266	-0.894
0.018	0.414	-0.841
0.053	0.517	-0.781
0.025	0.493	-0.630
-0.006	0.345	-0.498
-0.098	0.156	-0.803
-0.112	0.321	-0.961
-0.050	0.534	-0.890
-0.060	0.486	-0.894
-0.125	0.369	-0.864
-0.180	0.345	-0.826
-0.211	0.390	-0.860
-0.153	0.421	-0.924
-0.142	0.438	-0.912
-0.163	0.507	-0.939
-0.170	0.579	-0.988
-0.098	0.617	-0.984
-0.036	0.524	-0.950
0.015	0.434	-0.961
0.073	0.410	-0.950
0.070	0.410	-0.950
-0.036	0.421	-0.976
-0.183	0.428	-0.980
-0.334	0.434	-0.875
-0.293	0.407	-0.736
-0.173	0.328	-0.653
0.032	0.259	-0.566
0.087	0.235	-0.709
0.001	0.318	-0.973
-0.019	0.459	-1.067
0.012	0.469	-0.988
0.063	0.544	-0.924
0.063	0.562	-0.931
-0.057	0.448	-1.048
-0.098	0.417	-1.097
-0.091	0.476	-1.089
-0.094	0.544	-1.014
-0.091	0.510	-0.928
-0.077	0.373	-0.841
-0.091	0.331	-0.875
-0.057	0.438	-0.837
-0.026	0.562	-0.803
0.022	0.531	-0.848
0.046	0.417	-0.781
0.114	0.235	-0.698
0.162	0.177	-0.656
0.097	0.177	-0.762
-0.053	0.276	-1.037
-0.098	0.462	-1.033
-0.094	0.630	-0.924
-0.067	0.689	-0.864
0.025	0.565	-0.897
0.077	0.459	-0.946
0.128	0.407	-0.980
0.159	0.424	-1.029
0.148	0.486	-1.052
0.111	0.527	-0.928
0.063	0.379	-0.890
0.008	0.235	-0.909
-0.057	0.266	-0.924
-0.026	0.507	-0.848
0.015	0.620	-0.852
0.012	0.630	-0.852
0.018	0.431	-0.815
0.053	0.252	-0.826
0.046	0.197	-0.720
0.005	0.249	-0.732
0.022	0.242	-0.882
0.049	0.263	-0.924
0.056	0.307	-0.897
0.094	0.434	-0.897
0.138	0.610	-0.875
0.114	0.558	-0.965
0.090	0.462	-0.988
0.063	0.393	-0.950
0.015	0.359	-0.958
-0.047	0.383	-1.063
-0.091	0.414	-1.123
-0.091	0.318	-1.029
-0.060	0.283	-0.912
0.005	0.283	-0.822
0.049	0.362	-0.860
0.114	0.476	-0.867
0.200	0.531	-0.920
0.234	0.524	-0.886
0.169	0.366	-0.882
0.111	0.273	-0.833
0.077	0.228	-0.837
0.029	0.156	-0.920
-0.019	0.118	-0.984
-0.053	0.153	-0.943
-0.067	0.232	-0.852
0.001	0.304	-0.796
0.063	0.331	-0.871
0.083	0.386	-1.003
0.083	0.448	-1.168
0.073	0.455	-1.146
0.070	0.438	-0.999
0.042	0.407	-0.882
-0.029	0.359	-0.905
-0.067	0.300	-1.014
-0.081	0.263	-1.089
-0.023	0.266	-1.052
0.012	0.290	-0.984
0.029	0.328	-0.954
0.087	0.318	-0.916
0.145	0.304	-0.886
0.172	0.242	-0.830
0.152	0.204	-0.739
0.104	0.221	-0.675
0.063	0.166	-0.717
0.059	0.115	-0.920
0.080	0.132	-1.067
0.077	0.335	-1.097
0.039	0.685	-0.999
0.001	0.747	-1.074
0.018	0.641	-1.131
0.012	0.414	-1.184
-0.002	0.221	-1.157
-0.036	0.073	-1.029
-0.050	0.022	-0.935
-0.043	0.015	-0.901
-0.002	0.084	-0.856
0.070	0.269	-0.769
0.179	0.503	-0.702
0.282	0.586	-0.815
0.234	0.483	-0.879
0.152	0.383	-0.852
0.080	0.190	-0.879
0.032	0.080	-0.916
-0.006	0.056	-0.916
-0.040	0.067	-0.924
-0.053	0.115	-0.950
-0.047	0.214	-0.928
0.042	0.342	-0.931
0.090	0.414	-0.954
0.063	0.428	-1.029
-0.006	0.397	-1.116
-0.012	0.328	-1.127
0.015	0.311	-1.086
0.049	0.304	-1.018
0.063	0.304	-0.976
0.056	0.269	-0.988
0.025	0.211	-0.984
0.018	0.163	-0.950
0.039	0.142	-0.946
0.032	0.163	-0.976
0.015	0.170	-0.965
0.015	0.166	-0.894
0.066	0.228	-0.728
0.135	0.349	-0.630
0.118	0.338	-0.792
0.056	0.259	-1.104
0.056	0.256	-1.176
0.053	0.304	-1.048
0.008	0.331	-0.958
-0.026	0.324	-0.980
-0.006	0.314	-1.044
0.022	0.314	-1.056
0.039	0.283	-1.014
0.049	0.208	-0.943
0.042	0.104	-0.961
0.049	0.098	-0.980
0.083	0.159	-0.965
0.165	0.290	-0.928
0.159	0.366	-0.860
0.087	0.338	-0.867
0.073	0.297	-0.897
0.073	0.300	-0.769
0.022	0.221	-0.815
-0.067	0.111	-0.894
-0.077	0.111	-0.973
-0.077	0.173	-1.022
-0.053	0.287	-1.056
-0.029	0.421	-1.078
0.035	0.483	-1.116
0.114	0.479	-1.150
0.155	0.386	-1.116
0.162	0.269	-1.063
0.159	0.125	-1.037
0.183	0.036	-1.067
0.203	0.015	-1.093
0.213	0.063	-1.165
0.155	0.166	-1.312
0.012	0.393	-1.409
-0.245	0.620	-1.488
-0.324	0.534	-1.360
-0.231	0.445	-1.108
-0.057	0.235	-0.954
0.059	-0.033	-1.003
0.070	-0.195	-1.074
0.015	-0.260	-1.086
0.046	-0.057	-1.014
0.100	0.125	-0.943
0.107	0.266	-0.894
0.018	0.287	-0.890
-0.081	0.235	-0.871
-0.118	0.094	-0.807
-0.098	-0.037	-0.784
-0.105	-0.071	-0.830
-0.053	0.039	-0.826
0.025	0.142	-0.875
0.053	0.139	-0.897
0.042	0.084	-0.879
0.001	-0.009	-0.882
-0.002	-0.067	-0.882
0.018	-0.095	-0.939
0.039	-0.133	-1.029
0.049	-0.133	-1.040
0.073	-0.116	-1.022
0.114	-0.088	-0.958
0.152	-0.047	-0.894
0.213	-0.043	-0.833
0.217	-0.095	-0.833
0.196	-0.122	-0.845
0.152	-0.136	-0.845
0.087	-0.136	-0.792
0.042	-0.119	-0.788
-0.043	-0.136	-0.867
-0.084	-0.167	-0.950
-0.050	-0.167	-0.969
0.025	-0.150	-0.961
0.083	-0.129	-0.928
0.142	-0.140	-0.931
0.189	-0.188	-1.003
0.183	-0.215	-1.010
0.145	-0.205	-0.995
0.100	-0.188	-0.995
0.077	-0.184	-0.984
0.083	-0.171	-0.992
0.080	-0.150	-0.958
0.094	-0.136	-0.928
0.070	-0.150	-0.882
0.053	-0.133	-0.871
-0.026	0.015	-0.777
-0.105	0.087	-0.717
-0.204	0.104	-0.705
-0.180	0.125	-0.875
-0.112	0.063	-0.965
0.090	-0.054	-0.920
0.289	-0.226	-0.920
0.419	-0.336	-0.995
0.528	-0.274	-1.138
0.429	-0.105	-1.165
0.261	0.043	-1.040
0.049	0.201	-0.897
-0.105	0.239	-0.897
-0.187	0.214	-0.920
-0.183	0.235	-0.943
-0.125	0.256	-0.961
-0.094	0.225	-0.999
-0.105	0.135	-1.025
-0.101	0.142	-1.014
-0.098	0.194	-1.010
-0.074	0.287	-1.014
-0.081	0.297	-1.056
-0.122	0.311	-1.112
-0.170	0.314	-1.123
-0.159	0.324	-1.078
-0.139	0.321	-1.059
-0.122	0.311	-1.131
-0.060	0.297	-1.232
0.022	0.307	-1.274
0.104	0.355	-1.270
0.155	0.314	-1.187
0.135	0.259	-1.123
0.049	0.204	-1.097
-0.050	0.228	-1.146
-0.101	0.307	-1.127
-0.214	0.369	-1.089
-0.368	0.431	-1.086
-0.460	0.376	-1.071
-0.440	0.321	-0.961
-0.252	0.280	-0.924
-0.057	0.218	-0.969
0.306	0.183	-0.924
0.504	0.235	-0.931
0.555	0.252	-0.980
0.398	0.232	-1.067
0.087	0.190	-1.025
-0.139	0.170	-0.950
-0.228	0.211	-0.943
-0.296	0.221	-1.040
-0.324	0.273	-1.150
-0.283	0.280	-1.127
-0.197	0.214	-1.123
-0.029	0.122	-1.056
0.159	0.012	-0.879
0.230	-0.061	-0.724
0.148	-0.088	-0.739
0.008	-0.129	-0.856
-0.026	-0.078	-0.818
-0.050	-0.033	-0.781
-0.019	-0.019	-0.815
-0.016	-0.074	-0.875
-0.002	-0.116	-0.856
-0.006	-0.037	-0.811
0.022	-0.002	-0.890
0.022	-0.009	-0.965
-0.019	0.015	-0.984
-0.071	0.032	-1.025
-0.036	0.049	-1.108
0.080	0.135	-1.210
0.070	0.115	-1.281
-0.050	0.128	-1.251
-0.156	0.183	-1.078
-0.118	0.043	-0.939
-0.036	-0.105	-0.931
0.018	-0.119	-0.928
-0.067	-0.078	-0.931
-0.231	-0.153	-0.950
-0.460	-0.215	-1.010
-0.566	-0.164	-1.074
-0.454	-0.067	-1.161
-0.190	0.005	-1.199
0.039	0.032	-1.135
0.179	0.005	-1.104
0.265	-0.071	-0.992
0.241	-0.057	-0.845
0.206	-0.092	-0.848
0.176	-0.198	-0.924
0.121	-0.263	-0.909
0.097	-0.267	-0.901
0.142	-0.298	-0.935
0.227	-0.298	-1.007
0.230	-0.270	-1.033
0.152	-0.219	-1.022
0.094	-0.246	-1.056
0.128	-0.226	-1.059
0.172	-0.202	-1.048
0.200	-0.171	-0.980
0.203	-0.184	-0.946
0.183	-0.270	-0.924
0.124	-0.287	-0.901
0.087	-0.229	-0.894
0.080	-0.236	-0.943
0.053	-0.277	-0.946
0.059	-0.257	-0.961
0.111	-0.202	-0.954
0.138	-0.184	-0.901
0.118	-0.181	-0.871
0.094	-0.202	-0.860
0.070	-0.219	-0.837
0.070	-0.202	-0.781
0.056	-0.160	-0.720
-0.002	-0.147	-0.754
-0.040	-0.150	-0.781
-0.047	-0.143	-0.818
-0.057	-0.157	-0.943
-0.036	-0.174	-1.044
-0.009	-0.133	-1.101
0.066	-0.030	-1.127
0.131	0.005	-1.168
0.097	-0.033	-1.135
0.022	-0.126	-1.074
-0.029	-0.153	-0.969
-0.036	-0.122	-0.912
-0.006	-0.088	-0.882
0.059	-0.112	-0.935
0.104	-0.109	-1.018
0.138	-0.092	-1.097
0.138	-0.109	-1.112
0.104	-0.098	-0.916
0.042	0.029	-0.656
0.012	0.084	-0.562
0.035	0.039	-0.807
0.083	-0.119	-1.402
0.087	-0.243	-1.673
0.032	-0.267	-1.334
-0.036	-0.085	-0.679
-0.033	0.049	-0.457
0.070	0.077	-0.698
0.142	0.018	-1.251
0.124	0.032	-1.451
0.087	0.077	-1.308
0.111	0.080	-1.037
0.107	0.080	-0.901
0.059	0.046	-0.886
0.005	0.008	-0.946
-0.019	-0.009	-1.033
-0.036	-0.009	-1.120
-0.067	-0.002	-1.078
-0.074	-0.023	-1.052
-0.094	-0.081	-0.976
-0.074	-0.119	-0.924
-0.036	-0.140	-0.920
0.022	-0.140	-0.961
0.077	-0.122	-1.010
0.128	-0.071	-1.037
0.159	-0.016	-1.010
0.107	0.005	-0.894
0.056	0.005	-0.815
0.008	-0.030	-0.762
-0.016	-0.071	-0.845
-0.033	-0.157	-1.018
-0.050	-0.181	-1.157
-0.047	-0.174	-1.191
-0.047	-0.129	-1.150
-0.060	-0.109	-1.180
-0.064	-0.092	-1.221
-0.050	-0.057	-1.206
-0.033	-0.033	-1.191
-0.023	-0.016	-1.135
-0.016	0.008	-1.063
-0.009	0.015	-1.007
-0.009	0.008	-0.992
-0.023	0.005	-0.999
-0.026	-0.006	-0.999
-0.019	-0.023	-0.976
-0.023	-0.033	-0.901
-0.016	-0.033	-0.845
-0.012	-0.037	-0.818
-0.006	-0.054	-0.882
-0.006	-0.061	-0.928
-0.019	-0.067	-0.882
-0.060	-0.067	-0.875
-0.105	-0.078	-0.950
-0.187	-0.095	-1.089
-0.279	-0.122	-1.281
-0.334	-0.112	-1.372
-0.358	-0.050	-1.304
-0.289	0.036	-1.315
-0.115	0.080	-1.357
0.090	0.135	-1.176
0.244	0.146	-0.999
0.299	0.094	-0.943
0.319	-0.095	-0.958
0.302	-0.332	-1.150
0.200	-0.635	-1.259
-0.006	-0.858	-1.488
-0.245	-0.820	-1.327
-0.447	-0.422	-1.074
-0.895	0.073	-0.758
-0.789	0.159	-0.664
-0.358	0.008	-0.656
0.111	-0.260	-0.687
0.316	-0.477	-0.641
0.251	-0.453	-0.641
-0.002	-0.349	-0.634
-0.115	-0.332	-0.672
-0.098	-0.336	-0.732
0.005	-0.360	-0.826
0.114	-0.360	-0.848
0.193	-0.346	-0.894
0.230	-0.329	-0.920
0.162	-0.325	-0.939
0.107	-0.343	-0.965
0.080	-0.353	-0.973
0.063	-0.346	-0.943
0.094	-0.332	-0.912
0.131	-0.318	-0.875
0.159	-0.332	-0.897
0.155	-0.346	-0.928
0.148	-0.353	-0.931
0.145	-0.370	-0.943
0.159	-0.384	-0.965
0.186	-0.360	-0.946
0.193	-0.325	-0.890
0.200	-0.315	-0.897
0.193	-0.315	-0.890
0.152	-0.332	-0.879
0.107	-0.318	-0.886
0.070	-0.291	-0.886
0.059	-0.260	-0.912
0.080	-0.257	-0.924
0.138	-0.270	-0.946
0.203	-0.287	-0.890
0.241	-0.294	-0.845
0.282	-0.267	-0.815
0.275	-0.236	-0.837
0.237	-0.236	-0.916
0.159	-0.270	-0.999
0.077	-0.315	-1.086
0.035	-0.325	-1.101
-0.002	-0.294	-1.056
0.015	-0.232	-0.999
0.049	-0.198	-1.007
0.080	-0.198	-1.044
0.107	-0.232	-1.048
0.121	-0.260	-1.037
0.128	-0.291	-1.029
0.142	-0.308	-0.995
0.145	-0.294	-0.984
0.152	-0.260	-0.969
0.165	-0.229	-0.935
0.165	-0.208	-0.935
0.148	-0.212	-0.961
0.094	-0.222	-0.946
0.039	-0.229	-0.920
0.012	-0.239	-0.931
0.015	-0.246	-0.939
0.029	-0.236	-0.954
0.053	-0.229	-0.958
0.066	-0.232	-0.943
0.097	-0.246	-0.973
0.131	-0.236	-0.965
0.169	-0.253	-0.931
0.186	-0.229	-0.905
0.186	-0.195	-0.901
0.128	-0.184	-0.897
0.056	-0.215	-0.950
0.025	-0.232	-1.010
0.035	-0.229	-1.025
0.032	-0.229	-1.014
0.022	-0.239	-1.025
0.042	-0.250	-1.022
0.063	-0.250	-0.988
0.087	-0.243	-0.992
0.094	-0.205	-0.965
0.080	-0.191	-0.950
0.094	-0.191	-0.950
0.152	-0.177	-0.935
0.203	-0.174	-0.897
0.227	-0.164	-0.856
0.227	-0.171	-0.826
0.159	-0.181	-0.830
0.087	-0.171	-0.897
0.001	-0.191	-1.007
-0.023	-0.181	-1.044
0.012	-0.164	-1.018
0.059	-0.171	-0.969
0.097	-0.215	-0.950
0.121	-0.257	-0.976
0.104	-0.301	-1.044
0.073	-0.305	-1.033
0.077	-0.270	-1.014
0.100	-0.198	-1.003
0.077	-0.133	-1.003
0.015	-0.109	-1.007
-0.047	-0.116	-1.048
-0.081	-0.126	-1.056
-0.081	-0.129	-1.048
-0.060	-0.116	-1.033
-0.016	-0.109	-0.980
0.015	-0.109	-0.958
0.015	-0.133	-0.992
-0.006	-0.174	-1.003
-0.060	-0.188	-0.984
-0.067	-0.198	-0.992
-0.064	-0.164	-0.976
-0.053	-0.143	-0.965
-0.047	-0.126	-0.961
-0.026	-0.116	-0.965
0.001	-0.098	-0.943
0.015	-0.071	-0.939
-0.016	-0.085	-0.958
-0.033	-0.116	-0.969
-0.047	-0.129	-0.980
-0.043	-0.133	-0.969
-0.036	-0.122	-0.980
0.029	-0.122	-0.984
0.097	-0.112	-0.969
0.148	-0.116	-0.969
0.145	-0.116	-0.992
0.077	-0.129	-1.018
-0.023	-0.133	-1.059
-0.108	-0.102	-1.063
-0.136	-0.043	-1.048
-0.146	0.008	-1.025
-0.112	0.053	-1.048
-0.071	0.025	-1.048
-0.019	-0.030	-1.014
0.022	-0.092	-0.961
0.035	-0.143	-1.010
0.025	-0.157	-1.033
0.035	-0.140	-1.052
0.042	-0.092	-1.022
0.035	-0.057	-1.014
-0.012	-0.012	-0.995
-0.064	0.001	-1.025
-0.077	-0.012	-1.025
-0.074	-0.057	-1.025
-0.094	-0.102	-0.999
-0.105	-0.119	-1.007
-0.105	-0.112	-0.980
-0.108	-0.085	-0.961
-0.094	-0.057	-0.973
-0.029	-0.023	-0.992
0.015	0.001	-0.980
0.049	0.005	-0.980
0.046	-0.009	-1.014
-0.023	-0.012	-0.980
-0.060	-0.061	-0.961
-0.050	-0.078	-0.988
-0.040	-0.095	-1.010
-0.050	-0.064	-1.010
-0.043	-0.033	-1.014
-0.026	-0.019	-1.037
-0.019	-0.033	-1.040
-0.019	-0.064	-1.048
-0.023	-0.105	-0.999
-0.026	-0.102	-0.961
-0.023	-0.078	-0.976
-0.019	-0.043	-1.003
-0.006	-0.006	-0.984
0.001	0.008	-0.969
-0.016	0.008	-0.943
-0.019	0.012	-0.950
-0.016	-0.019	-0.995
-0.009	-0.098	-1.067
-0.019	-0.136	-1.071
-0.012	-0.122	-1.033
-0.002	-0.057	-1.010
0.018	0.005	-0.965
0.001	0.049	-0.980
-0.036	0.046	-0.954
-0.053	0.049	-0.897
-0.064	0.043	-0.890
-0.084	-0.006	-0.882
-0.115	-0.064	-0.894
-0.074	-0.095	-0.939
0.005	-0.054	-0.995
0.049	-0.012	-1.063
0.053	0.049	-1.082
0.012	0.098	-1.071
-0.036	0.118	-1.048
-0.050	0.091	-1.037
-0.050	0.015	-1.010
-0.033	-0.016	-1.014
-0.029	0.001	-1.048
-0.050	0.043	-1.104
-0.050	0.018	-1.078
-0.029	-0.006	-1.067
-0.012	0.025	-1.052
-0.019	0.170	-1.150
-0.064	0.249	-1.112
-0.142	0.221	-1.104
-0.197	-0.043	-1.040
-0.218	0.015	-0.958
-0.177	0.087	-0.739
-0.146	0.080	-0.848
-0.071	-0.071	-1.101
-0.023	-0.181	-1.082
-0.047	-0.012	-0.976
-0.053	0.142	-0.954
-0.016	0.149	-1.003
0.022	0.053	-1.007
0.039	-0.030	-1.025
0.032	-0.061	-1.040
0.012	0.032	-1.018
-0.033	0.118	-0.995
-0.098	0.173	-0.939
-0.142	0.077	-0.939
-0.129	-0.061	-0.943
-0.077	-0.009	-0.890
-0.047	-0.153	-0.954
-0.023	-0.195	-1.044
-0.016	-0.050	-0.969
-0.033	-0.019	-0.939
-0.026	0.008	-0.954
-0.033	0.108	-0.935
-0.101	0.125	-0.939
-0.118	0.056	-0.973
-0.084	0.005	-1.007
-0.077	0.018	-0.976
-0.047	0.101	-0.980
-0.016	0.280	-0.992
0.001	0.397	-0.992
-0.006	0.345	-1.071
-0.047	0.153	-1.120
-0.071	0.005	-1.150
-0.067	0.012	-1.168
-0.105	0.056	-1.146
-0.026	0.108	-1.007
0.025	0.149	-0.916
-0.019	0.049	-0.837
-0.064	-0.112	-0.803
-0.071	-0.140	-0.747
-0.098	-0.102	-0.773
-0.074	-0.002	-1.003
-0.050	0.077	-1.135
0.008	0.245	-1.067
0.100	0.311	-0.969
0.234	0.352	-0.965
0.220	0.311	-1.010
0.124	0.135	-1.082
0.005	-0.071	-1.142
-0.047	-0.133	-1.078
-0.115	-0.061	-1.067
-0.139	0.197	-1.142
-0.159	0.390	-1.131
-0.207	0.342	-1.063
-0.139	0.132	-0.912
-0.043	-0.002	-0.833
0.035	-0.112	-0.845
0.077	-0.122	-0.939
0.097	-0.009	-0.928
0.059	0.139	-0.837
0.012	0.211	-0.848
-0.009	0.214	-0.920
0.025	0.187	-0.950
0.100	0.204	-1.007
0.148	0.225	-1.040
0.142	0.218	-1.044
0.063	0.135	-1.056
-0.006	0.077	-1.108
-0.108	0.067	-1.135
-0.136	0.118	-1.116
-0.115	0.170	-1.093
-0.023	0.235	-1.044
0.046	0.259	-0.943
0.039	0.183	-0.864
0.025	0.039	-0.796
0.035	-0.074	-0.796
0.022	-0.085	-0.890
0.032	-0.023	-1.022
0.046	0.101	-1.033
0.066	0.228	-0.992
0.128	0.307	-1.052
0.193	0.321	-1.093
0.213	0.311	-1.104
0.162	0.242	-1.108
0.063	0.173	-1.067
-0.023	0.128	-0.999
-0.122	0.022	-0.928
-0.159	-0.061	-1.025
-0.146	-0.054	-1.010
-0.081	0.056	-0.882
0.008	0.187	-0.781
0.066	0.283	-0.781
0.142	0.232	-0.879
0.217	0.080	-0.920
0.203	0.015	-0.946
0.124	-0.006	-0.988
0.059	0.029	-1.014
0.008	0.073	-1.033
-0.050	0.146	-1.007
-0.074	0.208	-0.980
-0.064	0.221	-0.961
0.012	0.187	-0.995
0.077	0.156	-1.025
0.104	0.128	-1.052
0.107	0.111	-1.078
0.107	0.146	-1.063
0.118	0.170	-1.003
0.100	0.135	-1.007
0.053	0.077	-1.078
0.042	0.067	-1.123
0.025	0.080	-1.093
0.005	0.122	-1.059
0.018	0.166	-0.969
0.046	0.190	-0.864
0.022	0.163	-0.792
-0.002	0.122	-0.751
0.012	0.056	-0.788
0.039	-0.026	-0.920
0.053	-0.064	-1.029
0.100	-0.023	-1.104
0.148	0.094	-1.048
0.128	0.245	-0.988
0.100	0.373	-1.029
0.066	0.383	-1.101
0.025	0.311	-1.142
-0.006	0.156	-1.101
-0.019	0.080	-1.044
-0.023	0.046	-0.984
-0.036	0.029	-0.961
-0.019	-0.009	-0.909
0.008	0.022	-0.901
0.025	0.056	-0.931
0.035	0.101	-0.920
0.046	0.128	-0.871
0.059	0.142	-0.856
0.070	0.142	-0.894
0.083	0.135	-0.924
0.070	0.101	-1.029
0.087	0.091	-1.123
0.073	0.128	-1.135
0.053	0.183	-1.010
0.029	0.235	-0.909
0.015	0.218	-0.992
0.005	0.197	-1.116
-0.019	0.173	-1.161
0.001	0.108	-1.037
0.018	0.091	-0.954
0.032	0.063	-0.950
0.042	0.043	-0.965
0.070	0.032	-0.961
0.100	0.049	-0.924
0.097	0.104	-0.897
0.087	0.115	-0.871
0.059	0.115	-0.894
0.049	0.104	-0.935
0.039	0.094	-0.935
0.059	0.070	-0.988
0.094	0.067	-1.067
0.107	0.087	-1.116
0.094	0.118	-1.063
0.056	0.187	-0.965
0.056	0.170	-0.969
0.063	0.177	-1.089
0.049	0.170	-1.206
0.008	0.159	-1.165
-0.023	0.094	-1.059
-0.094	0.053	-1.059
-0.115	0.036	-1.048
-0.064	0.067	-1.003
-0.023	0.101	-0.928
-0.016	0.135	-0.848
-0.023	0.125	-0.833
0.025	0.108	-0.826
0.073	0.094	-0.781
0.152	0.067	-0.788
0.203	0.015	-0.894
0.224	0.001	-0.958
0.179	0.018	-1.010
0.114	0.080	-1.007
0.056	0.122	-0.973
0.032	0.183	-0.916
0.053	0.221	-0.928
0.094	0.211	-1.033
0.097	0.187	-1.071
0.097	0.153	-1.022
0.073	0.104	-0.976
0.039	0.073	-0.995
-0.006	0.022	-1.168
-0.033	-0.019	-1.274
-0.050	0.001	-1.161
-0.023	0.073	-1.007
0.029	0.142	-0.954
0.090	0.232	-0.912
0.142	0.242	-0.886
0.159	0.218	-0.845
0.152	0.183	-0.784
0.142	0.108	-0.766
0.100	0.022	-0.943
0.056	-0.030	-1.112
0.015	0.001	-1.221
0.008	0.077	-1.067
0.012	0.159	-0.920
0.008	0.228	-0.909
0.053	0.232	-1.063
0.118	0.194	-1.161
0.148	0.163	-1.127
0.142	0.125	-1.025
0.090	0.080	-0.969
0.063	0.049	-1.029
0.049	0.032	-1.059
-0.006	0.043	-1.014
-0.053	0.067	-0.920
-0.094	0.087	-0.860
-0.081	0.098	-0.811
-0.047	0.108	-0.788
0.001	0.108	-0.803
0.073	0.077	-0.860
0.145	0.036	-0.946
0.176	0.008	-1.033
0.179	0.022	-1.146
0.159	0.084	-1.108
0.138	0.156	-1.033
0.118	0.273	-0.973
0.087	0.311	-1.018
0.070	0.304	-1.063
0.053	0.228	-1.101
0.039	0.135	-1.101
0.018	0.056	-1.093
0.005	-0.030	-1.063
0.015	-0.061	-1.029
0.039	-0.050	-1.025
0.066	0.005	-0.969
0.077	0.091	-0.894
0.077	0.142	-0.830
0.090	0.173	-0.777
0.124	0.180	-0.743
0.152	0.153	-0.762
0.179	0.115	-0.841
0.186	0.053	-1.040
0.138	-0.009	-1.225
0.066	0.012	-1.263
0.001	0.080	-1.093
-0.023	0.170	-0.890
0.001	0.242	-0.871
0.025	0.256	-0.973
0.042	0.214	-1.071
0.049	0.173	-1.089
0.035	0.125	-1.063
0.018	0.084	-0.980
0.022	0.046	-0.931
0.042	0.012	-0.905
0.066	-0.012	-0.924
0.104	-0.030	-0.958
0.111	-0.016	-0.992
0.097	0.022	-0.992
0.063	0.084	-0.969
0.080	0.135	-0.973
0.121	0.180	-0.988
0.138	0.208	-0.954
0.128	0.218	-0.924
0.124	0.187	-0.912
0.094	0.149	-0.946
0.049	0.094	-1.018
-0.002	0.043	-1.093
-0.057	0.025	-1.112
-0.077	0.032	-1.063
-0.071	0.067	-0.995
-0.029	0.087	-0.965
0.025	0.111	-0.965
0.066	0.135	-0.946
0.118	0.153	-0.973
0.179	0.166	-1.052
0.169	0.142	-1.123
0.128	0.111	-1.146
0.073	0.101	-1.112
0.035	0.125	-1.063
0.001	0.142	-0.958
-0.016	0.166	-0.860
0.018	0.135	-0.830
0.066	0.098	-0.848
