-0.012	-0.105	-0.856
-0.019	-0.057	-0.800
-0.040	-0.026	-0.807
-0.094	-0.078	-0.879
-0.183	-0.215	-1.010
-0.276	-0.391	-1.089
-0.296	-0.463	-1.086
-0.201	-0.404	-0.992
-0.091	-0.301	-0.931
0.042	-0.167	-0.886
0.114	-0.074	-0.897
0.196	-0.026	-0.928
0.206	-0.092	-1.029
0.169	-0.143	-1.097
0.138	-0.191	-1.123
0.083	-0.198	-1.104
0.056	-0.188	-1.093
0.032	-0.184	-1.089
-0.006	-0.167	-1.093
-0.040	-0.105	-1.037
-0.033	-0.050	-0.995
-0.016	-0.026	-0.961
0.005	-0.064	-0.905
0.008	-0.136	-0.860
0.008	-0.212	-0.818
-0.033	-0.281	-0.837
-0.057	-0.339	-0.920
-0.077	-0.373	-1.093
-0.036	-0.384	-1.323
-0.016	-0.428	-1.368
0.066	-0.380	-1.263
0.135	-0.229	-1.089
0.193	-0.126	-0.916
0.220	-0.033	-0.743
0.165	-0.098	-0.672
0.142	-0.184	-0.705
0.131	-0.325	-0.864
0.135	-0.435	-1.014
0.107	-0.428	-1.086
0.049	-0.277	-1.056
-0.033	-0.181	-0.969
-0.098	-0.174	-0.920
-0.098	-0.239	-0.920
-0.043	-0.239	-0.939
0.056	-0.191	-0.954
0.155	-0.140	-0.995
0.189	-0.150	-1.007
0.162	-0.177	-1.025
0.111	-0.191	-1.067
0.083	-0.191	-1.108
0.039	-0.177	-1.146
0.042	-0.153	-1.097
0.063	-0.136	-1.040
0.121	-0.150	-0.928
0.186	-0.195	-0.796
0.224	-0.198	-0.747
0.248	-0.236	-0.833
0.224	-0.298	-0.958
0.189	-0.329	-1.074
0.118	-0.349	-1.199
0.063	-0.325	-1.296
0.066	-0.315	-1.293
0.056	-0.226	-1.274
0.042	-0.167	-1.184
0.059	-0.157	-1.074
0.025	-0.143	-0.954
-0.019	-0.133	-0.841
-0.053	-0.098	-0.800
-0.101	-0.133	-0.905
-0.156	-0.277	-1.025
-0.180	-0.477	-1.138
-0.091	-0.497	-1.089
0.022	-0.398	-0.980
0.186	-0.191	-0.867
0.258	-0.047	-0.818
0.261	-0.023	-0.852
0.200	-0.050	-0.897
0.155	-0.078	-0.943
0.135	-0.092	-1.014
0.107	-0.102	-1.056
0.111	-0.126	-1.078
0.138	-0.129	-1.097
0.152	-0.136	-1.044
0.124	-0.112	-0.976
0.070	-0.071	-0.954
0.046	-0.085	-0.958
0.046	-0.133	-0.988
0.042	-0.239	-0.950
0.032	-0.318	-0.879
0.012	-0.318	-0.860
0.035	-0.349	-0.890
0.135	-0.384	-1.003
0.306	-0.384	-1.161
0.412	-0.353	-1.232
0.330	-0.305	-1.120
0.258	-0.270	-1.025
0.152	-0.239	-0.905
0.049	-0.195	-0.875
0.001	-0.157	-0.856
0.032	-0.157	-0.830
0.152	-0.191	-0.882
0.357	-0.274	-0.946
0.494	-0.329	-1.014
0.507	-0.339	-1.007
0.391	-0.312	-0.924
0.224	-0.281	-0.856
0.121	-0.270	-0.826
0.046	-0.270	-0.845
0.032	-0.267	-0.897
0.053	-0.246	-0.958
0.094	-0.239	-1.003
0.104	-0.236	-1.018
0.097	-0.208	-0.992
0.094	-0.164	-0.999
0.111	-0.160	-1.022
0.142	-0.171	-1.025
0.186	-0.188	-0.969
0.241	-0.188	-0.931
0.268	-0.198	-0.905
0.265	-0.257	-0.860
0.271	-0.329	-0.860
0.278	-0.360	-0.909
0.309	-0.398	-1.029
0.336	-0.422	-1.195
0.302	-0.380	-1.330
0.230	-0.336	-1.364
0.070	-0.301	-1.244
-0.067	-0.267	-1.127
-0.159	-0.239	-1.018
-0.170	-0.195	-0.999
-0.153	-0.157	-0.935
-0.060	-0.129	-0.886
0.022	-0.116	-0.928
0.022	-0.177	-0.939
-0.040	-0.322	-0.958
-0.112	-0.422	-0.954
-0.118	-0.456	-0.935
0.025	-0.387	-0.871
0.111	-0.267	-0.860
0.237	-0.181	-0.856
0.271	-0.164	-0.871
0.241	-0.177	-0.882
0.159	-0.188	-0.894
0.100	-0.232	-0.946
0.070	-0.253	-0.992
0.083	-0.260	-1.059
0.138	-0.246	-1.093
0.172	-0.236	-1.112
0.179	-0.226	-1.082
0.131	-0.174	-1.018
0.070	-0.143	-0.992
0.012	-0.167	-0.984
-0.053	-0.177	-0.950
-0.101	-0.150	-0.871
-0.098	-0.298	-0.867
-0.071	-0.415	-0.815
0.022	-0.477	-0.871
0.111	-0.501	-1.044
0.159	-0.504	-1.168
0.213	-0.422	-1.244
0.200	-0.346	-1.161
0.138	-0.353	-1.082
0.094	-0.387	-0.954
0.073	-0.380	-0.724
0.090	-0.367	-0.668
0.121	-0.243	-0.683
0.152	-0.184	-0.773
0.162	-0.215	-0.875
0.087	-0.322	-0.943
-0.006	-0.398	-0.980
-0.088	-0.422	-1.022
-0.077	-0.425	-0.961
-0.023	-0.339	-0.943
0.070	-0.219	-0.916
0.162	-0.160	-0.961
0.200	-0.157	-0.999
0.196	-0.188	-1.074
0.176	-0.222	-1.089
0.142	-0.226	-1.104
0.083	-0.239	-1.157
0.042	-0.226	-1.153
0.046	-0.208	-1.112
0.094	-0.188	-1.025
0.155	-0.195	-0.920
0.183	-0.208	-0.826
0.200	-0.226	-0.811
0.186	-0.284	-0.837
0.124	-0.353	-0.894
0.001	-0.363	-0.867
-0.064	-0.367	-0.958
-0.047	-0.336	-1.225
0.066	-0.343	-1.402
0.169	-0.346	-1.368
0.172	-0.219	-1.221
0.155	-0.129	-1.014
0.080	-0.071	-0.856
0.001	-0.033	-0.687
-0.050	-0.061	-0.709
-0.057	-0.119	-0.894
-0.112	-0.298	-1.071
-0.187	-0.487	-1.172
-0.197	-0.511	-1.146
-0.091	-0.394	-0.980
0.100	-0.236	-0.852
0.227	-0.136	-0.864
0.299	-0.026	-0.901
0.282	0.043	-0.950
0.206	0.015	-0.988
0.090	-0.085	-1.040
0.022	-0.160	-1.018
-0.006	-0.205	-1.007
0.066	-0.239	-1.029
0.148	-0.222	-1.082
0.176	-0.174	-1.101
0.165	-0.116	-1.074
0.118	-0.081	-1.056
0.063	-0.088	-1.048
0.018	-0.133	-1.007
-0.006	-0.181	-0.969
-0.036	-0.281	-0.912
-0.067	-0.329	-0.931
-0.074	-0.373	-0.935
-0.009	-0.401	-1.029
0.148	-0.360	-1.217
0.220	-0.356	-1.285
0.227	-0.325	-1.214
0.210	-0.260	-1.101
0.155	-0.205	-0.980
0.107	-0.167	-0.912
0.049	-0.153	-0.811
0.029	-0.205	-0.713
0.022	-0.294	-0.649
0.104	-0.346	-0.690
0.220	-0.339	-0.837
0.285	-0.305	-1.044
0.244	-0.274	-1.078
0.053	-0.239	-1.025
-0.115	-0.253	-0.931
-0.170	-0.250	-0.864
-0.149	-0.222	-0.833
0.029	-0.184	-0.912
0.189	-0.167	-1.044
0.254	-0.140	-1.120
0.148	-0.140	-1.112
0.046	-0.140	-1.116
-0.012	-0.195	-1.168
-0.019	-0.195	-1.199
0.035	-0.133	-1.157
0.128	-0.085	-1.025
0.186	-0.112	-0.931
0.183	-0.153	-0.886
0.203	-0.281	-0.852
0.241	-0.370	-0.890
0.230	-0.404	-0.924
0.189	-0.377	-0.954
0.128	-0.349	-1.018
0.035	-0.291	-1.176
-0.043	-0.298	-1.338
-0.084	-0.380	-1.296
-0.081	-0.308	-1.176
-0.036	-0.198	-0.935
0.015	-0.136	-0.777
0.022	-0.078	-0.713
0.005	-0.019	-0.792
-0.006	-0.098	-0.852
-0.108	-0.215	-1.022
-0.211	-0.387	-1.161
-0.252	-0.508	-1.135
-0.194	-0.490	-0.969
-0.084	-0.408	-0.848
0.008	-0.343	-0.796
0.131	-0.219	-0.830
0.248	-0.136	-0.950
0.299	-0.092	-1.063
0.343	-0.019	-1.074
0.278	0.025	-1.157
0.145	0.032	-1.232
0.029	-0.047	-1.236
-0.029	-0.119	-1.127
-0.006	-0.126	-1.112
0.073	-0.112	-1.056
0.121	-0.092	-1.014
0.083	-0.119	-0.988
0.008	-0.195	-1.056
-0.036	-0.315	-1.071
-0.101	-0.384	-1.018
-0.118	-0.501	-0.879
-0.142	-0.508	-0.796
-0.074	-0.477	-0.837
0.035	-0.418	-0.897
0.162	-0.370	-1.044
0.289	-0.360	-1.165
0.309	-0.373	-1.191
0.217	-0.363	-1.112
0.087	-0.356	-0.943
0.056	-0.353	-0.931
0.059	-0.298	-0.943
0.107	-0.270	-0.867
0.162	-0.257	-0.758
0.206	-0.284	-0.656
0.254	-0.312	-0.679
0.333	-0.291	-0.784
0.364	-0.294	-0.909
0.285	-0.336	-0.943
0.176	-0.367	-0.950
0.046	-0.411	-0.901
-0.033	-0.387	-0.867
-0.006	-0.318	-0.864
0.066	-0.198	-0.901
0.124	-0.157	-0.969
0.155	-0.195	-1.071
0.124	-0.260	-1.180
0.083	-0.287	-1.221
0.083	-0.281	-1.180
0.124	-0.239	-1.052
0.155	-0.198	-0.969
0.224	-0.181	-0.901
0.306	-0.171	-0.882
0.364	-0.226	-0.894
0.371	-0.318	-0.864
0.309	-0.394	-0.845
0.251	-0.453	-0.837
0.155	-0.439	-0.875
0.008	-0.356	-0.882
-0.088	-0.346	-0.924
-0.094	-0.373	-1.059
0.018	-0.477	-1.176
0.025	-0.538	-1.202
-0.050	-0.545	-1.168
-0.060	-0.483	-1.097
-0.064	-0.394	-1.003
-0.071	-0.284	-0.882
-0.084	-0.205	-0.811
-0.115	-0.126	-0.754
-0.156	-0.198	-0.837
-0.159	-0.325	-0.871
-0.115	-0.363	-0.897
-0.006	-0.387	-0.912
0.070	-0.394	-0.871
0.183	-0.377	-0.875
0.254	-0.356	-0.909
0.241	-0.322	-0.912
0.165	-0.281	-0.928
0.104	-0.267	-0.984
0.053	-0.250	-1.052
0.029	-0.208	-1.067
0.039	-0.177	-1.138
0.087	-0.181	-1.236
0.169	-0.181	-1.315
0.213	-0.147	-1.214
0.206	-0.119	-1.112
0.179	-0.074	-1.022
0.145	-0.064	-0.988
0.053	-0.064	-0.973
-0.047	-0.105	-0.939
-0.118	-0.147	-0.920
-0.142	-0.195	-0.905
-0.122	-0.353	-0.890
-0.067	-0.411	-0.909
0.012	-0.483	-0.954
0.135	-0.497	-1.108
0.261	-0.466	-1.206
0.350	-0.394	-1.232
0.316	-0.339	-1.108
0.206	-0.325	-0.976
0.138	-0.343	-0.886
0.162	-0.346	-0.879
0.162	-0.325	-0.803
0.155	-0.270	-0.702
0.193	-0.246	-0.683
0.237	-0.219	-0.751
0.289	-0.236	-0.879
0.285	-0.298	-0.928
0.254	-0.394	-0.943
0.196	-0.449	-0.946
0.148	-0.466	-0.939
0.080	-0.422	-0.916
0.087	-0.356	-0.961
0.114	-0.336	-1.007
0.138	-0.377	-1.063
0.121	-0.415	-1.014
0.073	-0.384	-1.010
0.035	-0.360	-1.048
0.035	-0.336	-1.082
0.039	-0.315	-1.078
0.053	-0.322	-0.999
0.070	-0.322	-0.950
0.100	-0.308	-0.882
0.152	-0.305	-0.845
0.189	-0.336	-0.822
0.224	-0.377	-0.792
0.265	-0.428	-0.724
0.278	-0.449	-0.705
0.237	-0.459	-0.713
0.138	-0.466	-0.777
0.029	-0.477	-0.856
-0.050	-0.542	-0.980
0.032	-0.642	-1.116
0.104	-0.673	-1.191
0.148	-0.600	-1.165
0.138	-0.477	-1.044
0.080	-0.373	-0.965
-0.009	-0.291	-0.864
-0.122	-0.195	-0.822
-0.190	-0.129	-0.841
-0.296	-0.133	-0.909
-0.351	-0.346	-0.969
-0.344	-0.501	-1.014
-0.228	-0.559	-0.992
-0.084	-0.538	-0.969
0.100	-0.449	-0.931
0.220	-0.356	-0.912
0.258	-0.253	-0.909
0.248	-0.205	-0.928
0.203	-0.232	-1.022
0.148	-0.318	-1.089
0.080	-0.353	-1.123
0.046	-0.349	-1.131
0.039	-0.312	-1.135
0.039	-0.253	-1.131
0.025	-0.191	-1.097
0.035	-0.147	-1.063
0.018	-0.122	-0.999
0.001	-0.129	-0.973
-0.002	-0.153	-0.931
-0.023	-0.195	-0.879
-0.036	-0.257	-0.822
-0.047	-0.274	-0.826
-0.050	-0.267	-0.852
-0.053	-0.267	-0.931
-0.050	-0.322	-1.040
-0.019	-0.442	-1.184
0.046	-0.538	-1.263
0.094	-0.559	-1.255
0.104	-0.453	-1.150
0.073	-0.349	-0.999
0.080	-0.232	-0.879
0.131	-0.195	-0.879
0.165	-0.229	-0.837
0.179	-0.305	-0.758
0.165	-0.349	-0.713
0.172	-0.360	-0.747
0.176	-0.332	-0.848
0.080	-0.373	-0.984
-0.043	-0.490	-1.033
-0.129	-0.528	-0.973
-0.064	-0.459	-0.894
0.042	-0.353	-0.890
0.172	-0.298	-0.912
0.224	-0.260	-0.939
0.179	-0.263	-0.976
0.090	-0.253	-1.018
0.039	-0.267	-1.037
0.008	-0.277	-1.127
0.049	-0.260	-1.187
0.077	-0.208	-1.142
0.100	-0.136	-1.014
0.114	-0.105	-0.912
0.121	-0.109	-0.882
0.121	-0.184	-0.894
0.128	-0.274	-0.882
0.111	-0.301	-0.841
0.094	-0.301	-0.800
0.053	-0.353	-0.837
0.008	-0.415	-0.916
-0.016	-0.504	-1.022
0.032	-0.477	-1.165
0.111	-0.477	-1.214
0.206	-0.435	-1.308
0.224	-0.363	-1.278
0.165	-0.329	-1.202
0.029	-0.270	-1.089
-0.084	-0.232	-0.961
-0.173	-0.157	-0.871
-0.201	-0.088	-0.875
-0.211	-0.067	-0.943
-0.248	-0.212	-1.033
-0.238	-0.398	-1.093
-0.197	-0.483	-1.067
-0.084	-0.497	-0.980
0.073	-0.428	-0.928
0.213	-0.353	-0.879
0.248	-0.239	-0.901
0.179	-0.212	-0.894
0.104	-0.229	-0.912
0.056	-0.312	-0.924
0.077	-0.346	-0.958
0.111	-0.360	-0.984
0.131	-0.339	-0.995
0.165	-0.332	-1.037
0.206	-0.250	-1.029
0.183	-0.171	-0.995
0.111	-0.150	-0.973
0.005	-0.184	-0.954
-0.112	-0.246	-0.946
-0.156	-0.308	-0.916
-0.204	-0.387	-0.860
-0.214	-0.428	-0.833
-0.163	-0.418	-0.800
-0.067	-0.387	-0.796
0.046	-0.370	-0.818
0.148	-0.356	-0.864
0.241	-0.391	-1.025
0.142	-0.497	-1.240
0.018	-0.618	-1.296
-0.057	-0.652	-1.229
-0.040	-0.576	-1.048
-0.006	-0.504	-0.920
0.131	-0.384	-0.886
0.193	-0.257	-0.751
0.282	-0.181	-0.713
0.367	-0.267	-0.728
0.391	-0.318	-0.747
0.374	-0.343	-0.811
0.306	-0.387	-0.980
0.200	-0.446	-1.089
0.032	-0.504	-1.123
-0.077	-0.463	-1.018
-0.067	-0.356	-0.931
0.018	-0.226	-0.928
0.090	-0.202	-0.980
0.080	-0.195	-1.037
0.039	-0.202	-1.063
0.035	-0.239	-1.131
0.063	-0.263	-1.161
0.107	-0.236	-1.153
0.155	-0.164	-1.044
0.217	-0.116	-0.939
0.282	-0.157	-0.909
0.340	-0.239	-0.845
0.319	-0.356	-0.818
0.162	-0.373	-0.815
0.066	-0.367	-0.766
0.025	-0.370	-0.732
0.049	-0.384	-0.781
0.063	-0.435	-0.935
0.039	-0.545	-1.157
0.070	-0.618	-1.172
0.111	-0.580	-1.116
0.142	-0.497	-1.165
0.124	-0.411	-1.108
0.083	-0.343	-1.067
0.008	-0.253	-0.958
-0.081	-0.177	-0.909
-0.146	-0.133	-0.905
-0.204	-0.150	-0.958
-0.235	-0.301	-1.022
-0.214	-0.415	-1.048
-0.122	-0.470	-1.010
-0.026	-0.456	-0.980
0.066	-0.408	-0.931
0.142	-0.377	-0.912
0.159	-0.373	-0.897
0.104	-0.336	-0.879
0.056	-0.236	-0.871
0.066	-0.198	-0.905
0.107	-0.236	-0.984
0.165	-0.305	-1.040
0.200	-0.308	-1.052
0.206	-0.270	-1.029
0.183	-0.205	-1.003
0.152	-0.140	-0.988
0.114	-0.109	-0.961
0.053	-0.085	-0.965
-0.023	-0.095	-0.935
-0.105	-0.143	-0.905
-0.153	-0.188	-0.864
-0.166	-0.260	-0.841
-0.159	-0.308	-0.897
-0.115	-0.336	-1.022
-0.006	-0.415	-1.195
0.162	-0.456	-1.383
0.254	-0.466	-1.312
0.258	-0.363	-1.101
0.145	-0.291	-0.894
0.094	-0.294	-0.856
0.049	-0.277	-1.067
0.056	-0.270	-1.135
0.094	-0.301	-1.033
0.162	-0.360	-0.860
0.261	-0.394	-0.788
0.354	-0.367	-0.811
0.429	-0.339	-0.864
0.343	-0.377	-0.931
0.230	-0.428	-0.976
0.073	-0.480	-0.958
-0.023	-0.446	-0.931
-0.108	-0.291	-0.890
-0.101	-0.174	-0.867
-0.057	-0.157	-0.875
-0.006	-0.164	-0.946
0.039	-0.191	-1.010
0.063	-0.226	-1.044
0.090	-0.243	-1.067
0.138	-0.232	-1.052
0.179	-0.205	-1.018
0.217	-0.177	-0.958
0.234	-0.160	-0.897
0.224	-0.177	-0.882
0.176	-0.243	-0.905
0.118	-0.353	-0.882
0.083	-0.401	-0.830
0.053	-0.404	-0.773
0.012	-0.360	-0.769
-0.019	-0.318	-0.830
-0.019	-0.298	-0.939
0.008	-0.329	-1.044
0.056	-0.439	-1.195
0.121	-0.563	-1.263
0.155	-0.528	-1.274
0.186	-0.432	-1.191
0.104	-0.356	-1.210
0.005	-0.315	-1.248
-0.132	-0.308	-1.214
-0.187	-0.315	-1.112
-0.177	-0.329	-1.044
-0.170	-0.370	-0.984
-0.146	-0.415	-0.954
-0.115	-0.387	-0.961
-0.016	-0.360	-0.928
0.087	-0.336	-0.905
0.142	-0.353	-0.886
0.138	-0.422	-0.886
0.090	-0.514	-0.875
-0.012	-0.545	-0.845
-0.108	-0.483	-0.784
-0.105	-0.404	-0.773
0.005	-0.353	-0.777
0.145	-0.343	-0.788
0.244	-0.349	-0.811
0.295	-0.394	-0.879
0.285	-0.401	-0.965
0.241	-0.380	-0.992
0.159	-0.343	-0.995
0.083	-0.325	-0.954
0.035	-0.318	-0.935
-0.053	-0.281	-0.920
-0.139	-0.284	-0.924
-0.173	-0.315	-0.965
-0.156	-0.360	-0.980
-0.071	-0.398	-0.943
0.018	-0.398	-0.912
0.114	-0.384	-0.897
0.179	-0.363	-0.867
0.183	-0.356	-0.818
0.165	-0.353	-0.762
0.138	-0.380	-0.773
0.111	-0.415	-0.833
0.111	-0.466	-0.909
0.118	-0.501	-0.924
0.114	-0.514	-0.943
0.056	-0.483	-0.961
0.012	-0.477	-1.003
0.005	-0.483	-1.033
0.008	-0.466	-1.040
0.029	-0.473	-1.048
0.077	-0.490	-1.078
0.159	-0.483	-1.078
0.217	-0.442	-1.056
0.282	-0.404	-1.029
0.408	-0.384	-1.022
0.535	-0.367	-0.969
0.665	-0.360	-0.909
0.709	-0.325	-0.886
0.634	-0.353	-0.882
0.442	-0.418	-0.882
0.278	-0.463	-0.886
0.063	-0.525	-0.864
-0.146	-0.559	-0.822
-0.242	-0.549	-0.781
-0.255	-0.459	-0.758
-0.122	-0.332	-0.822
0.049	-0.260	-0.882
0.248	-0.226	-0.958
0.371	-0.250	-0.980
0.371	-0.287	-0.973
0.295	-0.315	-0.954
0.200	-0.349	-0.961
0.159	-0.360	-0.988
0.159	-0.353	-0.969
0.169	-0.315	-0.961
0.162	-0.298	-0.946
0.135	-0.284	-0.946
0.114	-0.305	-0.950
0.114	-0.325	-0.980
0.152	-0.360	-0.969
0.172	-0.336	-0.973
0.237	-0.325	-0.961
0.275	-0.298	-0.939
0.299	-0.277	-0.935
0.309	-0.294	-0.924
0.275	-0.325	-0.894
0.241	-0.322	-0.890
0.213	-0.329	-0.909
0.210	-0.312	-0.928
0.217	-0.291	-0.931
0.248	-0.277	-0.969
0.268	-0.274	-1.007
0.275	-0.305	-1.007
0.254	-0.322	-0.961
0.206	-0.339	-0.935
0.183	-0.353	-0.924
0.159	-0.370	-0.924
0.155	-0.353	-0.916
0.145	-0.346	-0.901
0.124	-0.346	-0.897
0.090	-0.343	-0.905
0.077	-0.339	-0.909
0.073	-0.349	-0.946
0.087	-0.363	-0.969
0.087	-0.360	-0.999
0.142	-0.370	-0.992
0.193	-0.370	-0.980
0.237	-0.370	-0.973
0.244	-0.387	-0.946
0.251	-0.408	-0.954
0.220	-0.428	-0.958
0.189	-0.449	-0.976
0.179	-0.456	-0.976
0.200	-0.466	-0.992
0.234	-0.453	-0.984
0.248	-0.425	-0.965
0.230	-0.425	-0.954
0.186	-0.428	-0.939
0.138	-0.422	-0.931
0.114	-0.415	-0.931
0.104	-0.404	-0.939
0.121	-0.408	-0.946
0.148	-0.418	-0.916
0.196	-0.432	-0.920
0.248	-0.435	-0.909
0.271	-0.425	-0.901
0.261	-0.415	-0.882
0.230	-0.404	-0.875
0.193	-0.415	-0.860
0.172	-0.425	-0.860
0.145	-0.456	-0.852
0.080	-0.480	-0.845
0.042	-0.508	-0.826
0.015	-0.538	-0.826
0.042	-0.542	-0.818
0.070	-0.528	-0.818
0.097	-0.514	-0.788
0.107	-0.504	-0.803
0.114	-0.518	-0.822
0.118	-0.525	-0.871
0.111	-0.528	-0.879
0.087	-0.532	-0.875
0.066	-0.521	-0.871
0.066	-0.511	-0.886
0.080	-0.518	-0.905
0.094	-0.508	-0.916
0.083	-0.542	-0.912
0.080	-0.545	-0.901
0.094	-0.535	-0.882
0.131	-0.542	-0.886
0.169	-0.545	-0.905
0.189	-0.559	-0.905
0.196	-0.556	-0.916
0.172	-0.566	-0.886
0.121	-0.583	-0.890
0.100	-0.587	-0.875
0.080	-0.583	-0.867
0.070	-0.569	-0.852
0.090	-0.535	-0.860
0.107	-0.511	-0.867
0.104	-0.501	-0.879
0.087	-0.490	-0.856
0.080	-0.483	-0.833
0.083	-0.477	-0.837
0.083	-0.477	-0.841
0.080	-0.511	-0.852
0.066	-0.521	-0.882
0.070	-0.532	-0.886
0.073	-0.532	-0.864
0.083	-0.514	-0.864
0.124	-0.501	-0.875
0.165	-0.501	-0.871
0.155	-0.487	-0.882
0.159	-0.497	-0.897
0.193	-0.525	-0.920
0.203	-0.528	-0.890
0.203	-0.494	-0.871
0.196	-0.470	-0.882
0.206	-0.463	-0.867
0.224	-0.470	-0.894
0.248	-0.494	-0.897
0.230	-0.511	-0.875
0.206	-0.525	-0.856
0.210	-0.535	-0.845
0.213	-0.508	-0.845
0.220	-0.497	-0.833
0.220	-0.480	-0.852
0.193	-0.473	-0.864
0.179	-0.490	-0.886
0.172	-0.490	-0.894
0.172	-0.494	-0.897
0.189	-0.487	-0.897
0.213	-0.470	-0.901
0.224	-0.473	-0.890
0.200	-0.480	-0.864
0.179	-0.494	-0.841
0.155	-0.508	-0.856
0.152	-0.521	-0.886
0.148	-0.538	-0.901
0.145	-0.532	-0.920
0.152	-0.525	-0.905
0.165	-0.508	-0.871
0.186	-0.477	-0.856
0.200	-0.470	-0.845
0.227	-0.480	-0.833
0.224	-0.480	-0.864
0.189	-0.480	-0.875
0.172	-0.497	-0.882
0.152	-0.494	-0.894
0.145	-0.487	-0.905
0.131	-0.473	-0.894
0.124	-0.463	-0.890
0.114	-0.439	-0.886
0.128	-0.442	-0.890
0.152	-0.442	-0.905
0.172	-0.453	-0.909
0.193	-0.470	-0.909
0.196	-0.477	-0.886
0.193	-0.477	-0.916
0.176	-0.497	-0.909
0.169	-0.525	-0.909
0.172	-0.518	-0.897
0.165	-0.504	-0.882
0.169	-0.501	-0.864
0.159	-0.470	-0.867
0.169	-0.473	-0.848
0.172	-0.466	-0.871
0.162	-0.463	-0.886
0.176	-0.459	-0.894
0.172	-0.459	-0.871
0.159	-0.453	-0.871
0.152	-0.446	-0.864
0.169	-0.453	-0.860
0.176	-0.439	-0.845
0.189	-0.439	-0.860
0.203	-0.453	-0.886
0.213	-0.466	-0.916
0.210	-0.466	-0.935
0.196	-0.446	-0.935
0.172	-0.442	-0.924
0.165	-0.453	-0.935
0.165	-0.463	-0.935
0.159	-0.453	-0.935
0.148	-0.442	-0.920
0.145	-0.432	-0.912
0.145	-0.435	-0.894
0.172	-0.442	-0.894
0.179	-0.439	-0.897
0.189	-0.442	-0.886
0.193	-0.435	-0.890
0.186	-0.439	-0.905
0.179	-0.432	-0.924
0.172	-0.422	-0.939
0.152	-0.425	-0.916
0.155	-0.442	-0.905
0.159	-0.446	-0.894
0.162	-0.459	-0.912
0.172	-0.466	-0.909
0.189	-0.470	-0.920
0.189	-0.453	-0.912
0.183	-0.422	-0.894
0.183	-0.411	-0.882
0.169	-0.411	-0.901
0.152	-0.425	-0.905
0.159	-0.459	-0.905
0.162	-0.470	-0.909
0.165	-0.463	-0.894
0.169	-0.446	-0.897
0.183	-0.442	-0.909
0.186	-0.435	-0.916
0.186	-0.428	-0.901
0.186	-0.422	-0.894
0.183	-0.425	-0.909
0.179	-0.435	-0.928
0.169	-0.442	-0.920
0.152	-0.459	-0.924
0.148	-0.456	-0.920
0.159	-0.466	-0.935
0.172	-0.480	-0.920
0.172	-0.473	-0.894
0.159	-0.442	-0.856
0.152	-0.446	-0.864
0.169	-0.446	-0.886
0.183	-0.459	-0.905
0.189	-0.473	-0.905
0.183	-0.466	-0.905
0.176	-0.442	-0.897
0.162	-0.428	-0.897
0.155	-0.439	-0.905
0.169	-0.446	-0.905
0.179	-0.446	-0.886
0.183	-0.456	-0.894
0.186	-0.453	-0.890
0.183	-0.459	-0.901
0.165	-0.456	-0.909
0.138	-0.453	-0.909
0.145	-0.459	-0.909
0.152	-0.459	-0.897
0.165	-0.453	-0.890
0.165	-0.449	-0.882
0.172	-0.466	-0.886
0.176	-0.473	-0.909
0.176	-0.470	-0.901
0.165	-0.470	-0.897
0.152	-0.456	-0.890
0.152	-0.446	-0.882
0.165	-0.449	-0.894
0.172	-0.435	-0.897
0.183	-0.439	-0.905
0.179	-0.449	-0.901
0.172	-0.442	-0.890
0.152	-0.442	-0.912
0.135	-0.449	-0.909
0.131	-0.473	-0.912
0.138	-0.487	-0.897
0.159	-0.494	-0.890
0.172	-0.480	-0.890
0.193	-0.456	-0.894
0.193	-0.442	-0.894
0.183	-0.439	-0.890
0.165	-0.456	-0.879
0.152	-0.470	-0.909
0.159	-0.477	-0.909
0.172	-0.470	-0.909
0.165	-0.463	-0.890
0.155	-0.459	-0.875
0.138	-0.435	-0.882
0.142	-0.432	-0.905
0.186	-0.456	-0.920
0.189	-0.470	-0.924
0.172	-0.463	-0.905
0.165	-0.453	-0.905
0.179	-0.432	-0.924
0.176	-0.428	-0.924
0.186	-0.453	-0.924
0.186	-0.463	-0.928
0.183	-0.470	-0.924
0.172	-0.480	-0.905
0.142	-0.483	-0.897
0.114	-0.490	-0.897
0.111	-0.490	-0.894
0.124	-0.483	-0.901
0.148	-0.466	-0.890
0.172	-0.463	-0.879
0.183	-0.449	-0.875
0.189	-0.442	-0.894
0.189	-0.456	-0.901
0.189	-0.466	-0.905
0.172	-0.466	-0.886
0.142	-0.463	-0.890
0.124	-0.459	-0.879
0.124	-0.459	-0.909
0.148	-0.456	-0.916
0.162	-0.459	-0.905
0.165	-0.449	-0.886
0.159	-0.463	-0.875
0.155	-0.459	-0.882
0.165	-0.466	-0.897
0.169	-0.470	-0.916
0.159	-0.470	-0.916
0.155	-0.463	-0.920
0.155	-0.446	-0.912
0.155	-0.439	-0.905
0.152	-0.449	-0.897
0.148	-0.466	-0.905
0.142	-0.480	-0.901
0.124	-0.477	-0.886
0.107	-0.463	-0.871
0.077	-0.449	-0.845
0.035	-0.439	-0.807
-0.009	-0.470	-0.841
-0.050	-0.528	-0.867
-0.053	-0.504	-0.909
-0.094	-0.483	-0.875
-0.153	-0.418	-0.852
-0.173	-0.394	-0.826
-0.177	-0.398	-0.901
-0.112	-0.501	-0.954
0.025	-0.556	-1.161
0.258	-0.796	-1.221
0.607	-0.982	-1.345
0.856	-0.913	-1.511
1.041	-0.683	-1.165
1.140	-0.294	-0.965
1.263	0.180	-0.544
0.781	0.080	-0.803
0.487	-0.147	-0.976
0.354	-0.171	-1.259
-0.536	-0.332	-2.870
-1.056	-0.453	-2.836
-0.744	-0.222	-0.879
-1.251	-0.391	-0.321
-1.186	-0.418	-0.841
-0.755	-0.508	-1.104
-0.556	-0.752	-0.743
-0.372	-0.765	-1.440
1.561	-1.054	-2.644
2.546	-0.721	-1.903
4.150	0.507	-0.856
2.902	-0.232	-1.345
0.504	-0.631	-1.541
0.224	-0.624	-1.918
-0.112	-0.776	-2.253
-0.792	-0.772	-1.741
-1.182	-0.662	-1.300
-1.080	-0.611	-0.905
-0.703	-0.483	-0.777
-0.385	-0.325	-0.777
-0.023	-0.116	-0.950
0.473	0.005	-1.146
0.730	0.036	-1.214
0.997	-0.026	-1.150
1.106	-0.171	-0.973
1.048	-0.246	-0.815
0.836	-0.277	-0.709
0.675	-0.205	-0.728
0.569	-0.167	-0.788
0.449	-0.164	-0.856
0.336	-0.181	-0.912
0.227	-0.226	-0.897
0.090	-0.267	-0.890
-0.016	-0.267	-0.920
-0.101	-0.239	-0.931
-0.132	-0.174	-0.928
-0.057	-0.147	-0.924
0.104	-0.160	-0.943
0.285	-0.188	-0.958
0.412	-0.177	-0.954
0.562	-0.167	-0.943
0.644	-0.140	-0.928
0.685	-0.119	-0.909
0.678	-0.088	-0.882
0.607	-0.074	-0.882
0.525	-0.085	-0.909
0.415	-0.098	-0.969
0.302	-0.085	-1.037
0.206	-0.064	-1.010
0.200	-0.037	-1.048
0.213	-0.067	-1.029
0.114	-0.040	-1.033
0.053	0.049	-0.890
0.059	0.073	-0.939
0.080	0.049	-1.022
0.165	0.067	-1.082
0.224	0.098	-1.074
0.316	0.094	-1.097
0.395	0.070	-1.048
0.442	0.053	-1.007
0.415	0.043	-0.999
0.326	0.046	-0.980
0.330	0.060	-1.059
0.313	0.063	-1.176
0.265	0.039	-1.172
0.271	0.015	-1.157
0.299	-0.033	-1.187
0.299	-0.064	-1.138
0.248	-0.085	-1.086
0.179	-0.085	-1.067
0.162	-0.088	-1.078
0.142	-0.088	-1.082
0.176	-0.054	-1.067
0.241	-0.026	-1.029
0.306	0.056	-0.973
0.374	0.108	-0.950
0.405	0.139	-0.980
0.408	0.146	-1.082
0.398	0.108	-1.127
0.395	0.070	-1.112
0.378	-0.026	-1.048
0.371	-0.088	-0.980
0.347	-0.143	-0.954
0.333	-0.205	-0.961
0.326	-0.253	-0.999
0.254	-0.274	-0.958
0.159	-0.267	-0.912
0.135	-0.239	-0.920
0.172	-0.215	-0.961
0.210	-0.205	-1.003
0.227	-0.222	-0.912
0.265	-0.212	-0.773
0.306	-0.102	-0.649
0.384	0.029	-0.660
0.439	0.111	-0.732
0.507	0.153	-0.781
0.583	0.084	-0.833
0.672	-0.043	-0.841
0.791	-0.171	-0.841
0.812	-0.257	-0.830
0.726	-0.349	-0.879
0.572	-0.315	-0.894
0.436	-0.250	-0.875
0.268	-0.195	-0.894
0.165	-0.174	-0.961
0.135	-0.147	-1.010
0.145	-0.081	-1.007
0.176	0.001	-0.965
0.217	0.049	-0.992
0.282	0.087	-1.071
0.371	0.108	-1.116
0.422	0.098	-1.086
0.470	0.053	-0.988
0.480	-0.006	-0.879
0.466	-0.043	-0.803
0.463	-0.095	-0.720
0.466	-0.140	-0.702
0.494	-0.177	-0.736
0.507	-0.229	-0.747
0.531	-0.281	-0.739
0.555	-0.315	-0.766
0.600	-0.291	-0.826
0.610	-0.284	-0.939
0.572	-0.263	-1.093
0.511	-0.202	-1.153
0.436	-0.129	-1.131
0.261	-0.119	-1.078
0.097	-0.205	-1.018
0.025	-0.208	-0.943
0.077	-0.126	-0.777
0.217	-0.026	-0.758
0.319	0.012	-0.845
0.371	-0.057	-0.973
0.347	-0.198	-1.033
0.309	-0.294	-0.980
0.275	-0.336	-0.871
0.299	-0.312	-0.803
0.354	-0.232	-0.784
0.401	-0.109	-0.837
0.439	-0.026	-0.920
0.456	0.056	-1.010
0.456	0.043	-1.037
0.419	-0.009	-0.992
0.357	-0.071	-0.946
0.330	-0.081	-0.931
0.295	-0.081	-0.954
0.268	-0.081	-0.992
0.217	-0.047	-0.958
0.206	-0.033	-0.943
0.183	-0.030	-0.920
0.176	-0.050	-0.841
0.179	-0.092	-0.784
0.210	-0.164	-0.728
0.285	-0.202	-0.769
0.360	-0.198	-0.890
0.466	-0.188	-1.161
0.528	-0.215	-1.394
0.504	-0.167	-1.406
0.384	-0.019	-1.093
0.265	0.101	-0.724
0.100	0.259	-0.344
0.032	0.128	-0.480
0.152	0.036	-0.803
0.415	-0.109	-1.052
0.631	-0.325	-0.946
0.617	-0.349	-0.961
0.484	-0.147	-1.025
0.384	0.087	-0.950
0.319	0.166	-0.909
0.244	0.166	-0.950
0.203	0.122	-0.980
0.200	0.094	-0.935
0.206	0.073	-0.882
0.193	0.060	-0.886
0.206	0.073	-0.928
0.244	0.125	-0.976
0.282	0.183	-1.037
0.302	0.239	-1.063
0.333	0.235	-1.040
0.340	0.218	-0.999
0.354	0.208	-0.894
0.347	0.163	-0.747
0.347	0.111	-0.660
0.357	0.067	-0.645
0.419	0.012	-0.784
0.501	-0.016	-0.999
0.542	0.036	-1.263
0.480	0.087	-1.417
0.367	0.173	-1.364
0.254	0.345	-1.059
0.056	0.486	-1.014
-0.009	0.486	-1.007
0.039	0.318	-0.894
0.200	0.139	-0.833
0.299	0.029	-0.943
0.381	-0.074	-1.007
0.336	-0.140	-0.946
0.248	-0.202	-0.890
0.227	-0.184	-0.890
0.248	-0.133	-0.890
0.275	-0.050	-0.845
0.323	0.046	-0.841
0.326	0.190	-0.848
0.333	0.465	-0.916
0.323	0.551	-1.138
0.306	0.531	-1.221
0.302	0.476	-1.123
0.309	0.338	-1.022
0.306	0.225	-0.969
0.285	0.115	-0.901
0.258	0.049	-0.867
0.220	0.018	-0.871
0.183	0.012	-0.920
0.142	0.018	-0.984
0.104	0.046	-1.059
0.100	0.091	-1.059
0.121	0.108	-1.056
0.145	0.104	-1.108
0.227	0.087	-1.327
0.309	0.094	-1.504
0.374	0.094	-1.470
0.289	0.146	-1.116
0.200	0.211	-0.841
0.162	0.311	-0.608
0.220	0.314	-0.566
0.254	0.249	-0.611
0.282	0.194	-0.758
0.330	0.146	-0.860
0.333	0.056	-0.965
0.275	-0.033	-1.150
0.206	-0.037	-1.191
0.169	-0.012	-1.150
0.111	-0.030	-0.995
0.100	-0.088	-0.867
0.135	-0.122	-0.822
0.213	-0.143	-0.890
0.309	-0.174	-0.976
0.350	-0.177	-1.040
0.336	-0.150	-1.112
0.295	-0.119	-1.195
0.220	0.022	-1.379
0.114	0.208	-1.447
0.012	0.311	-1.432
-0.108	0.345	-1.327
-0.122	0.290	-1.180
-0.081	0.242	-1.033
0.022	0.208	-0.916
0.172	0.211	-0.818
0.254	0.204	-0.724
0.254	0.118	-0.709
0.217	0.022	-0.792
0.200	-0.040	-0.867
0.244	-0.109	-0.995
0.295	-0.153	-1.153
0.302	-0.150	-1.187
0.367	-0.122	-1.225
0.425	-0.067	-1.168
0.456	0.018	-1.029
0.501	0.091	-1.040
0.473	0.132	-1.078
0.343	0.187	-1.123
0.138	0.249	-1.086
-0.060	0.263	-1.146
-0.204	0.187	-1.135
-0.194	0.063	-0.946
-0.094	-0.064	-0.743
0.090	-0.232	-0.559
0.111	-0.380	-0.464
0.165	-0.453	-0.517
0.313	-0.408	-0.803
0.388	-0.274	-1.014
0.388	-0.147	-1.063
0.357	0.036	-0.999
0.326	0.153	-0.950
0.275	0.290	-0.916
0.244	0.393	-0.901
0.210	0.431	-0.931
0.189	0.452	-0.958
0.145	0.407	-0.931
0.090	0.331	-0.909
0.025	0.287	-0.875
0.053	0.156	-1.029
0.114	0.043	-1.191
0.234	-0.057	-1.172
0.309	-0.098	-0.958
0.354	-0.112	-0.803
0.405	-0.109	-0.762
0.487	-0.105	-0.845
0.525	-0.074	-0.928
0.507	-0.030	-1.059
0.360	0.005	-1.244
0.275	0.053	-1.289
0.121	0.225	-1.131
0.090	0.328	-0.935
0.090	0.369	-0.912
0.261	0.441	-0.845
0.384	0.465	-0.788
0.463	0.335	-0.803
0.494	0.211	-0.702
0.514	0.128	-0.672
0.480	0.070	-0.822
0.432	0.101	-0.961
0.398	0.163	-1.025
0.371	0.287	-0.950
0.360	0.369	-0.864
0.319	0.359	-0.796
0.275	0.280	-0.777
0.278	0.170	-0.822
0.265	0.128	-0.901
0.217	0.091	-0.988
0.159	0.118	-1.093
0.094	0.194	-1.191
-0.040	0.355	-1.176
-0.101	0.514	-1.044
-0.077	0.617	-0.943
0.066	0.699	-0.976
0.241	0.723	-0.988
0.364	0.558	-0.931
0.408	0.311	-0.818
0.439	0.177	-0.781
0.531	0.139	-0.792
0.590	0.156	-0.875
0.566	0.163	-0.958
0.439	0.135	-1.123
0.268	0.122	-1.180
0.159	0.142	-1.165
0.056	0.177	-1.052
-0.006	0.177	-0.920
-0.084	0.163	-0.833
-0.081	0.132	-0.867
-0.023	0.128	-0.973
0.080	0.177	-1.180
0.165	0.245	-1.274
0.227	0.287	-1.270
0.319	0.331	-1.236
0.525	0.359	-1.296
0.692	0.335	-1.398
0.713	0.225	-1.428
0.518	0.091	-1.334
0.292	-0.023	-1.263
0.046	-0.098	-1.274
-0.125	-0.085	-1.202
-0.173	-0.026	-1.071
-0.170	0.087	-0.980
-0.091	0.204	-0.965
-0.047	0.221	-0.958
0.018	0.214	-0.875
0.107	0.218	-0.796
0.162	0.177	-0.698
0.193	0.149	-0.672
0.162	0.125	-0.743
0.090	0.122	-0.897
0.073	0.149	-1.056
0.077	0.201	-1.104
0.148	0.304	-1.025
0.254	0.366	-0.965
0.336	0.345	-0.976
0.442	0.276	-1.040
0.501	0.214	-1.063
0.562	0.139	-1.025
0.600	0.084	-0.969
0.528	0.029	-0.886
0.408	-0.012	-0.833
0.206	-0.095	-0.856
0.005	-0.184	-0.943
-0.156	-0.239	-0.950
-0.269	-0.198	-0.909
-0.293	-0.071	-0.788
-0.228	0.128	-0.679
0.015	0.259	-0.743
0.360	0.239	-0.762
0.675	0.056	-0.739
0.829	-0.081	-0.656
0.795	-0.085	-0.592
0.603	-0.095	-0.592
0.439	-0.229	-0.717
0.371	-0.257	-0.811
0.384	-0.188	-0.879
0.381	-0.088	-0.879
0.367	0.008	-0.837
0.302	0.087	-0.830
0.206	0.091	-0.845
0.104	0.073	-0.890
0.025	-0.012	-0.935
-0.002	-0.074	-0.973
0.005	-0.095	-1.018
0.066	-0.067	-1.112
0.114	-0.009	-1.161
0.138	0.098	-1.086
0.100	0.156	-1.059
0.046	0.170	-1.104
-0.047	0.318	-1.232
0.022	0.472	-1.199
0.131	0.531	-0.879
0.206	0.510	-0.626
0.371	0.383	-0.705
0.549	0.304	-0.935
0.617	0.283	-1.097
0.494	0.307	-1.014
0.374	0.307	-0.965
