0.042	0.658	-0.687
-0.146	0.562	-0.800
-0.272	0.472	-0.705
-0.351	0.517	-0.559
-0.372	0.455	-0.585
-0.327	0.383	-0.736
-0.221	0.383	-0.800
-0.098	0.428	-0.871
0.022	0.496	-1.052
0.107	0.723	-1.003
0.179	0.878	-1.010
0.131	0.761	-1.191
0.063	0.599	-1.191
-0.029	0.404	-1.116
-0.084	0.249	-1.022
-0.118	0.149	-0.946
-0.211	0.180	-0.694
-0.324	0.311	-0.713
-0.508	0.538	-1.214
-0.857	1.112	-1.368
-0.618	1.253	-1.071
-0.204	0.758	-0.943
0.063	0.232	-0.837
0.350	0.194	-0.739
0.716	0.445	-0.796
0.832	0.582	-0.747
0.651	0.486	-0.649
0.306	0.239	-0.555
0.046	0.070	-0.551
-0.094	0.046	-0.540
-0.194	0.142	-0.645
-0.368	0.373	-0.928
-0.577	0.730	-1.146
-0.700	1.036	-1.127
-0.484	0.675	-1.199
-0.279	0.472	-1.104
-0.064	0.369	-1.123
0.025	0.558	-1.172
0.053	0.709	-1.135
0.035	0.644	-1.108
0.025	0.393	-1.010
0.018	0.201	-0.943
0.059	0.036	-1.052
0.087	0.046	-0.871
0.104	0.228	-0.792
0.025	0.565	-1.097
0.025	0.840	-1.037
-0.153	0.909	-1.059
-0.242	0.744	-0.969
-0.259	0.493	-0.758
-0.207	0.338	-0.694
-0.122	0.269	-0.732
-0.033	0.294	-0.758
0.022	0.407	-0.713
0.152	0.569	-0.736
0.234	0.644	-0.856
0.206	0.586	-0.860
0.077	0.455	-0.830
-0.074	0.335	-0.803
-0.136	0.349	-0.766
-0.207	0.410	-0.792
-0.296	0.448	-0.826
-0.293	0.400	-0.856
-0.187	0.359	-0.928
-0.146	0.397	-1.037
-0.074	0.483	-1.086
0.042	0.558	-1.063
0.100	0.531	-1.131
0.046	0.448	-1.135
-0.033	0.465	-1.078
-0.077	0.500	-0.988
-0.091	0.524	-0.999
-0.081	0.500	-0.976
-0.077	0.465	-0.924
-0.067	0.434	-0.875
-0.023	0.362	-0.815
-0.009	0.269	-0.743
-0.040	0.197	-0.728
-0.115	0.177	-0.747
-0.177	0.428	-0.800
-0.183	0.782	-0.762
-0.149	0.840	-0.988
-0.084	0.699	-0.905
-0.074	0.541	-0.751
-0.050	0.335	-0.728
-0.067	0.263	-0.720
-0.098	0.256	-0.660
-0.129	0.311	-0.664
-0.163	0.452	-0.811
-0.166	0.531	-1.003
-0.132	0.538	-1.191
-0.112	0.496	-1.153
-0.129	0.445	-1.097
-0.136	0.524	-0.980
-0.142	0.569	-0.879
-0.105	0.459	-1.074
-0.101	0.386	-1.180
-0.101	0.373	-1.104
-0.029	0.252	-1.165
-0.012	0.201	-1.063
-0.053	0.300	-0.946
-0.136	0.459	-0.894
-0.142	0.593	-1.067
-0.146	0.709	-1.089
-0.177	0.747	-1.018
-0.156	0.675	-0.784
-0.071	0.558	-0.743
0.022	0.393	-0.766
0.059	0.318	-0.717
0.077	0.355	-0.623
0.035	0.431	-0.446
0.008	0.373	-0.480
0.042	0.304	-0.502
-0.019	0.201	-0.581
-0.108	0.218	-0.687
-0.211	0.283	-0.762
-0.372	0.476	-0.954
-0.481	0.775	-1.135
-0.419	0.885	-1.195
-0.194	0.720	-1.202
-0.036	0.459	-1.214
-0.009	0.318	-1.184
-0.043	0.280	-1.040
-0.084	0.300	-0.943
-0.136	0.362	-0.984
-0.245	0.390	-1.199
-0.399	0.376	-1.383
-0.447	0.349	-1.376
-0.361	0.297	-1.229
-0.272	0.294	-1.018
-0.129	0.328	-1.120
0.035	0.445	-1.093
0.186	0.572	-1.037
0.323	0.572	-0.976
0.265	0.469	-0.852
0.035	0.404	-0.841
-0.081	0.404	-0.890
-0.139	0.386	-0.848
-0.156	0.503	-0.649
-0.207	0.586	-0.589
-0.242	0.558	-0.788
-0.187	0.514	-0.879
-0.146	0.489	-0.826
-0.146	0.472	-0.800
-0.183	0.448	-0.830
-0.211	0.448	-0.864
-0.224	0.459	-0.875
-0.224	0.431	-0.800
-0.221	0.431	-0.784
-0.204	0.438	-0.848
-0.177	0.455	-0.886
-0.156	0.445	-0.856
-0.142	0.438	-0.811
-0.163	0.452	-0.871
-0.183	0.410	-0.894
-0.163	0.404	-0.807
-0.159	0.428	-0.698
-0.214	0.410	-0.724
-0.293	0.349	-0.830
-0.307	0.342	-0.867
-0.252	0.390	-0.826
-0.139	0.472	-0.811
-0.040	0.410	-0.916
-0.029	0.379	-0.984
-0.122	0.355	-1.052
-0.088	0.441	-1.018
-0.023	0.579	-0.935
-0.081	0.579	-0.901
-0.252	0.520	-0.939
-0.365	0.514	-0.939
-0.447	0.565	-0.886
-0.481	0.538	-0.916
-0.430	0.514	-0.920
-0.368	0.465	-0.886
-0.334	0.441	-0.882
-0.310	0.489	-0.856
-0.259	0.627	-0.852
-0.272	0.565	-0.935
-0.300	0.507	-0.935
-0.330	0.397	-0.879
-0.300	0.345	-0.818
-0.255	0.349	-0.773
-0.238	0.483	-0.690
-0.276	0.565	-0.803
-0.300	0.514	-0.943
-0.235	0.486	-0.867
-0.153	0.489	-0.830
-0.081	0.507	-0.833
-0.053	0.520	-0.886
-0.149	0.572	-0.841
-0.303	0.661	-0.777
-0.457	0.685	-0.860
-0.457	0.850	-0.939
-0.437	0.833	-0.950
-0.389	0.627	-0.909
-0.317	0.455	-0.754
-0.296	0.383	-0.732
-0.269	0.342	-0.796
-0.214	0.514	-0.732
-0.180	0.551	-0.732
-0.156	0.524	-0.867
-0.139	0.606	-0.935
-0.187	0.637	-0.958
-0.272	0.589	-1.033
-0.252	0.496	-1.052
-0.224	0.431	-1.003
-0.228	0.331	-1.040
-0.194	0.379	-1.104
-0.173	0.527	-0.976
-0.224	0.641	-1.037
-0.211	0.802	-1.116
-0.146	0.885	-1.059
-0.084	0.737	-0.912
-0.108	0.527	-0.807
-0.136	0.434	-0.683
-0.177	0.393	-0.577
-0.221	0.520	-0.438
-0.262	0.596	-0.423
-0.317	0.469	-0.604
-0.224	0.410	-0.562
-0.146	0.438	-0.559
-0.098	0.448	-0.611
-0.064	0.503	-0.656
-0.033	0.575	-0.758
0.001	0.648	-0.924
0.025	0.703	-1.025
0.012	0.610	-1.037
-0.060	0.459	-1.097
-0.183	0.538	-1.029
-0.313	0.651	-0.992
-0.450	0.679	-1.082
-0.413	0.709	-1.123
-0.348	0.627	-1.007
-0.235	0.328	-0.841
-0.163	0.146	-0.969
-0.064	0.263	-0.875
0.049	0.465	-0.510
0.080	0.386	-0.924
0.271	0.369	-0.796
0.022	0.747	-1.003
-0.081	0.868	-1.202
-0.276	0.799	-1.010
-0.395	0.696	-0.687
-0.409	0.531	-0.690
-0.372	0.362	-0.792
-0.286	0.294	-0.747
-0.201	0.318	-0.694
-0.115	0.373	-0.732
-0.081	0.434	-0.796
-0.006	0.544	-0.717
0.066	0.531	-0.739
0.148	0.496	-0.792
0.155	0.479	-0.822
0.083	0.397	-0.958
-0.033	0.445	-1.168
-0.125	0.569	-1.334
-0.156	0.548	-1.161
-0.098	0.424	-1.131
-0.016	0.434	-0.965
0.042	0.483	-0.886
0.100	0.438	-0.931
0.012	0.294	-1.153
-0.115	0.170	-1.432
-0.207	0.266	-1.733
-0.235	0.720	-1.443
-0.262	1.005	-1.364
-0.235	0.930	-1.259
-0.187	0.761	-1.108
-0.115	0.665	-0.931
-0.043	0.555	-0.732
0.018	0.404	-0.589
0.056	0.297	-0.513
0.090	0.166	-0.352
0.083	0.108	-0.242
0.090	0.056	-0.208
0.018	0.012	-0.250
-0.064	0.101	-0.498
-0.112	0.290	-0.690
-0.180	0.610	-0.743
-0.214	0.940	-0.668
-0.201	1.088	-0.653
-0.166	1.029	-0.815
-0.136	0.782	-0.845
-0.081	0.599	-0.777
-0.002	0.448	-0.800
0.097	0.342	-0.860
0.172	0.335	-0.901
0.183	0.431	-0.867
0.142	0.599	-0.841
0.018	0.727	-0.916
-0.101	0.709	-1.052
-0.118	0.613	-1.135
-0.094	0.551	-1.063
-0.029	0.445	-1.052
0.049	0.373	-1.116
0.094	0.331	-1.044
0.008	0.318	-0.992
-0.084	0.397	-0.980
-0.149	0.555	-0.969
-0.194	0.644	-0.954
-0.194	0.644	-0.992
-0.132	0.476	-0.992
-0.064	0.324	-0.958
0.008	0.276	-0.935
0.100	0.266	-0.856
0.152	0.300	-0.815
0.155	0.307	-0.811
0.104	0.321	-0.845
0.008	0.386	-0.867
-0.098	0.531	-0.856
-0.211	0.617	-0.935
-0.265	0.589	-0.909
-0.276	0.486	-0.856
-0.221	0.307	-0.811
-0.146	0.287	-0.800
0.008	0.373	-0.845
0.142	0.582	-0.958
0.196	0.689	-1.135
0.094	0.514	-1.078
-0.050	0.324	-0.830
-0.108	0.294	-0.830
-0.108	0.352	-0.916
-0.105	0.500	-0.950
-0.118	0.489	-0.871
-0.139	0.393	-0.784
-0.163	0.352	-0.758
-0.125	0.362	-0.916
-0.067	0.462	-1.063
-0.012	0.514	-1.018
-0.002	0.455	-0.897
-0.006	0.393	-0.841
-0.043	0.355	-0.818
-0.108	0.321	-0.830
-0.159	0.342	-0.894
-0.166	0.489	-0.916
-0.194	0.569	-0.935
-0.166	0.483	-1.003
-0.112	0.359	-0.995
-0.091	0.331	-1.033
-0.084	0.342	-1.029
-0.036	0.400	-0.988
-0.006	0.386	-0.961
-0.009	0.349	-1.025
-0.043	0.359	-1.025
-0.094	0.410	-0.958
-0.142	0.376	-0.924
-0.183	0.331	-0.928
-0.214	0.311	-1.014
-0.269	0.314	-1.112
-0.337	0.376	-1.018
-0.354	0.290	-0.976
-0.358	0.214	-1.142
-0.368	0.331	-1.131
-0.190	0.606	-0.935
-0.050	0.682	-0.961
0.135	0.668	-1.067
0.104	0.703	-1.071
0.128	0.644	-0.931
0.090	0.503	-0.837
-0.036	0.479	-0.690
-0.139	0.459	-0.623
-0.255	0.407	-0.596
-0.327	0.245	-0.589
-0.300	0.221	-0.446
-0.279	0.235	-0.385
-0.238	0.324	-0.532
-0.166	0.462	-0.864
-0.204	0.548	-1.168
-0.296	0.572	-1.142
-0.242	0.613	-1.048
-0.118	0.651	-0.995
-0.163	0.658	-0.935
-0.238	0.596	-0.954
-0.235	0.469	-1.153
-0.177	0.376	-1.165
-0.129	0.214	-1.398
-0.163	0.245	-1.315
-0.324	0.369	-1.067
-0.354	0.527	-1.074
-0.242	0.634	-1.059
-0.156	0.730	-0.939
-0.159	0.624	-0.792
-0.136	0.538	-0.705
-0.139	0.479	-0.562
-0.146	0.462	-0.566
-0.129	0.410	-0.694
-0.115	0.428	-0.796
-0.088	0.544	-0.698
-0.142	0.644	-0.600
-0.159	0.538	-0.672
-0.139	0.431	-0.653
-0.156	0.307	-0.566
-0.166	0.311	-0.449
-0.173	0.400	-0.517
-0.201	0.555	-0.864
-0.245	0.778	-1.244
-0.248	0.881	-1.296
-0.211	0.634	-1.168
-0.153	0.472	-1.037
-0.101	0.483	-0.946
-0.132	0.534	-1.029
-0.201	0.569	-1.010
-0.283	0.599	-0.946
-0.320	0.531	-0.916
-0.324	0.417	-0.920
-0.348	0.314	-0.796
-0.307	0.297	-0.717
-0.187	0.431	-0.562
-0.012	0.572	-0.589
0.152	0.565	-0.833
0.114	0.558	-1.025
0.056	0.637	-1.195
-0.098	0.703	-1.071
-0.163	0.740	-1.048
-0.204	0.709	-0.905
-0.296	0.692	-0.845
-0.368	0.709	-0.739
-0.457	0.620	-0.758
-0.495	0.345	-0.762
-0.334	0.300	-0.585
-0.207	0.242	-0.502
-0.139	0.276	-0.480
-0.071	0.349	-0.521
-0.026	0.414	-0.781
-0.026	0.510	-1.056
-0.050	0.596	-1.056
-0.088	0.634	-1.063
-0.074	0.555	-1.112
-0.098	0.538	-1.056
-0.228	0.610	-0.984
-0.395	0.582	-1.040
-0.488	0.551	-1.082
-0.519	0.452	-1.093
-0.488	0.283	-1.146
-0.474	0.263	-1.108
-0.382	0.472	-1.150
-0.279	0.713	-1.018
-0.129	0.765	-1.206
0.039	0.744	-1.184
0.097	0.658	-0.928
0.142	0.558	-0.781
0.080	0.479	-0.559
-0.077	0.421	-0.461
-0.177	0.493	-0.374
-0.341	0.489	-0.476
-0.437	0.311	-0.777
-0.368	0.311	-0.634
-0.269	0.376	-0.404
-0.218	0.421	-0.400
-0.163	0.428	-0.611
-0.108	0.569	-0.848
-0.043	0.654	-1.086
-0.026	0.679	-1.153
-0.064	0.558	-1.146
-0.136	0.503	-1.093
-0.166	0.551	-1.221
-0.231	0.617	-1.195
-0.289	0.723	-1.040
-0.389	0.654	-1.063
-0.454	0.393	-1.067
-0.501	0.221	-0.939
-0.430	0.146	-0.897
-0.307	0.135	-0.815
-0.177	0.211	-0.961
-0.142	0.369	-1.093
-0.023	0.775	-1.022
0.244	0.985	-0.969
0.292	0.806	-0.965
0.172	0.520	-1.244
0.083	0.355	-1.003
0.035	0.441	-0.747
-0.153	0.596	-0.483
-0.276	0.682	-0.604
-0.426	0.751	-0.713
-0.553	0.596	-0.626
-0.488	0.428	-0.574
-0.313	0.311	-0.589
-0.153	0.307	-0.762
-0.036	0.424	-0.897
-0.033	0.610	-0.992
-0.112	0.720	-0.939
-0.122	0.692	-0.961
-0.115	0.599	-0.995
-0.108	0.514	-0.916
-0.136	0.517	-0.811
-0.231	0.452	-0.875
-0.238	0.349	-0.946
-0.156	0.352	-0.856
-0.019	0.404	-0.762
0.042	0.452	-0.796
-0.012	0.503	-0.800
-0.129	0.538	-0.852
-0.159	0.703	-0.811
-0.214	0.795	-0.811
-0.269	0.665	-0.928
-0.204	0.613	-0.894
-0.177	0.493	-0.950
-0.149	0.410	-0.935
-0.081	0.493	-0.879
-0.057	0.510	-0.856
-0.091	0.493	-0.886
-0.084	0.627	-0.818
-0.098	0.685	-0.837
-0.207	0.634	-0.920
-0.303	0.493	-1.003
-0.283	0.386	-1.014
-0.231	0.366	-1.010
-0.194	0.421	-0.958
-0.153	0.434	-0.886
-0.149	0.376	-0.818
-0.057	0.383	-0.728
0.063	0.469	-0.705
0.148	0.565	-0.788
0.121	0.692	-1.033
0.049	0.768	-1.108
-0.180	0.620	-1.187
-0.272	0.534	-0.965
-0.330	0.613	-0.754
-0.372	0.713	-0.713
-0.389	0.679	-0.781
-0.389	0.527	-0.807
-0.272	0.376	-0.675
-0.108	0.273	-0.592
-0.016	0.263	-0.592
0.056	0.397	-0.619
-0.009	0.558	-0.743
-0.067	0.589	-0.879
-0.088	0.562	-0.931
-0.029	0.496	-0.950
0.008	0.376	-1.044
0.012	0.331	-1.025
0.012	0.383	-1.014
0.015	0.496	-1.101
0.022	0.720	-1.101
0.012	0.854	-1.010
-0.088	0.648	-1.153
-0.310	0.232	-1.338
-0.385	0.098	-1.157
-0.450	0.046	-0.871
-0.566	0.104	-0.811
-0.488	0.362	-0.800
-0.433	0.850	-0.886
-0.214	1.115	-0.815
-0.207	0.974	-1.176
-0.142	0.624	-1.101
0.012	0.345	-0.867
0.142	0.311	-0.890
0.265	0.421	-0.736
0.193	0.548	-0.675
0.111	0.541	-0.766
0.032	0.462	-0.713
-0.115	0.331	-0.559
-0.156	0.256	-0.487
-0.132	0.242	-0.532
-0.112	0.324	-0.736
-0.112	0.472	-0.924
-0.159	0.637	-1.071
-0.153	0.582	-1.127
-0.146	0.514	-1.078
-0.194	0.538	-1.014
-0.341	0.672	-1.101
-0.402	0.672	-1.168
-0.327	0.648	-1.112
-0.252	0.569	-1.040
-0.190	0.448	-0.954
-0.112	0.276	-0.931
-0.057	0.211	-0.852
0.012	0.218	-0.732
0.090	0.300	-0.645
0.186	0.486	-0.702
0.206	0.630	-0.852
0.142	0.737	-1.056
0.070	0.740	-0.988
-0.026	0.613	-0.973
-0.201	0.417	-0.928
-0.238	0.369	-0.905
-0.201	0.400	-0.860
-0.156	0.410	-0.875
-0.142	0.448	-0.833
-0.163	0.527	-0.773
-0.166	0.524	-0.792
-0.187	0.431	-0.728
-0.218	0.366	-0.687
-0.238	0.328	-0.736
-0.197	0.324	-0.837
-0.136	0.366	-0.886
-0.094	0.445	-0.931
-0.129	0.493	-0.961
-0.115	0.507	-1.018
-0.016	0.503	-1.025
0.029	0.500	-1.089
-0.029	0.534	-1.078
-0.084	0.562	-1.037
-0.108	0.462	-0.894
-0.142	0.355	-0.867
-0.163	0.400	-0.841
-0.283	0.514	-0.818
-0.368	0.489	-0.950
-0.406	0.417	-1.172
-0.365	0.376	-1.022
-0.279	0.379	-0.920
-0.187	0.328	-0.924
-0.094	0.214	-1.044
-0.057	0.170	-1.123
0.070	0.342	-1.150
0.097	0.699	-0.943
0.073	0.871	-0.973
-0.009	0.692	-0.943
-0.098	0.514	-0.939
-0.166	0.445	-0.912
-0.166	0.438	-0.830
-0.187	0.538	-0.728
-0.235	0.648	-0.687
-0.310	0.596	-0.751
-0.307	0.524	-0.788
-0.177	0.410	-0.751
-0.074	0.269	-0.656
-0.036	0.232	-0.513
-0.050	0.201	-0.487
-0.016	0.283	-0.596
0.008	0.421	-0.803
-0.009	0.679	-1.112
-0.033	0.765	-1.101
-0.009	0.606	-1.093
-0.047	0.355	-1.135
-0.091	0.335	-1.184
-0.180	0.503	-1.108
-0.276	0.661	-0.961
-0.242	0.610	-0.943
-0.197	0.517	-0.935
-0.139	0.400	-0.946
-0.125	0.218	-1.063
-0.047	0.101	-1.172
0.025	0.128	-1.123
0.155	0.362	-0.958
0.179	0.548	-0.984
-0.053	0.534	-1.146
-0.214	0.469	-1.093
-0.218	0.459	-1.018
-0.211	0.531	-1.104
-0.183	0.582	-0.965
-0.180	0.658	-0.886
-0.170	0.672	-0.803
-0.194	0.541	-0.860
-0.190	0.434	-0.890
-0.112	0.407	-0.777
-0.074	0.483	-0.615
-0.053	0.527	-0.581
-0.040	0.514	-0.638
0.001	0.448	-0.713
0.032	0.417	-0.811
0.080	0.407	-0.875
0.100	0.428	-0.830
0.090	0.434	-0.758
0.059	0.393	-0.728
0.025	0.404	-0.769
0.018	0.479	-0.811
0.056	0.569	-0.943
0.094	0.520	-1.025
0.077	0.414	-0.935
0.066	0.314	-0.841
0.094	0.314	-0.856
0.155	0.373	-0.946
0.261	0.459	-1.067
0.234	0.448	-0.976
0.107	0.386	-0.928
-0.060	0.300	-0.980
-0.170	0.321	-1.003
-0.259	0.445	-0.912
-0.334	0.558	-0.856
-0.296	0.586	-0.976
-0.170	0.569	-1.007
0.025	0.565	-0.961
0.213	0.551	-0.935
0.275	0.483	-0.901
0.268	0.352	-0.901
0.234	0.249	-0.882
0.145	0.159	-0.928
0.083	0.183	-0.886
0.056	0.510	-0.717
-0.006	0.747	-0.656
-0.094	0.699	-0.848
-0.149	0.569	-0.894
-0.166	0.434	-0.800
-0.180	0.338	-0.690
-0.173	0.311	-0.690
-0.098	0.373	-0.769
-0.009	0.572	-0.901
0.066	0.703	-0.969
0.077	0.668	-0.935
0.053	0.483	-0.897
0.053	0.410	-0.886
0.121	0.417	-0.931
0.302	0.496	-0.988
0.401	0.483	-0.999
0.412	0.438	-1.003
0.333	0.383	-1.067
0.196	0.359	-1.093
-0.002	0.369	-1.112
-0.125	0.331	-1.052
-0.218	0.342	-1.010
-0.348	0.455	-0.939
-0.385	0.651	-0.769
-0.348	0.654	-0.879
-0.108	0.517	-1.093
-0.016	0.438	-1.176
0.005	0.424	-1.086
0.145	0.397	-0.920
0.295	0.376	-0.886
0.408	0.434	-0.833
0.289	0.517	-0.724
0.189	0.558	-0.769
0.114	0.572	-0.830
-0.029	0.551	-0.796
-0.122	0.551	-0.732
-0.163	0.569	-0.717
-0.129	0.531	-0.747
-0.047	0.496	-0.762
0.029	0.479	-0.754
0.152	0.469	-0.792
0.237	0.459	-0.769
0.244	0.417	-0.739
0.176	0.369	-0.687
0.059	0.489	-0.743
-0.006	0.610	-0.905
-0.043	0.603	-1.101
-0.094	0.514	-1.052
-0.088	0.438	-0.954
-0.016	0.469	-0.901
0.090	0.620	-0.946
0.152	0.672	-0.988
0.159	0.589	-0.995
0.056	0.486	-0.909
-0.023	0.434	-0.803
-0.153	0.373	-0.743
-0.344	0.266	-0.728
-0.447	0.242	-0.709
-0.543	0.273	-0.698
-0.563	0.355	-0.867
-0.457	0.465	-0.950
-0.211	0.720	-0.939
0.035	0.682	-1.086
0.152	0.541	-1.116
0.254	0.400	-1.029
0.316	0.500	-0.935
0.271	0.558	-0.830
0.145	0.465	-1.044
-0.006	0.328	-1.018
-0.081	0.297	-0.905
-0.201	0.321	-0.784
-0.327	0.428	-0.815
-0.423	0.472	-0.912
-0.460	0.520	-1.044
-0.389	0.534	-1.007
-0.276	0.534	-1.003
-0.149	0.569	-1.044
-0.084	0.517	-1.059
-0.057	0.379	-1.010
-0.101	0.214	-0.894
-0.153	0.135	-0.811
-0.255	0.187	-0.781
-0.344	0.294	-0.935
-0.389	0.541	-1.082
-0.272	0.789	-0.879
-0.136	0.730	-0.848
-0.006	0.544	-0.807
0.131	0.404	-0.841
0.200	0.324	-0.867
0.165	0.318	-0.928
0.046	0.366	-0.980
-0.108	0.469	-1.018
-0.221	0.579	-0.961
-0.358	0.665	-0.841
-0.423	0.544	-0.897
-0.395	0.407	-0.912
-0.259	0.311	-0.879
-0.112	0.287	-0.928
0.001	0.314	-0.943
0.094	0.379	-0.946
0.128	0.400	-0.946
0.128	0.376	-0.961
0.090	0.352	-0.920
0.025	0.352	-0.890
-0.064	0.390	-0.841
-0.187	0.520	-0.728
-0.341	0.544	-0.747
-0.382	0.469	-0.848
-0.354	0.362	-0.818
-0.262	0.266	-0.841
-0.180	0.235	-0.886
-0.108	0.249	-1.059
-0.081	0.311	-1.199
-0.009	0.462	-1.157
0.087	0.654	-1.071
0.049	0.620	-0.935
0.008	0.524	-0.973
-0.019	0.393	-0.980
-0.026	0.242	-1.086
-0.060	0.118	-1.112
-0.146	0.067	-1.040
-0.248	0.087	-0.894
-0.341	0.204	-0.781
-0.313	0.390	-0.841
-0.228	0.514	-1.078
-0.170	0.713	-1.123
-0.153	0.844	-0.826
-0.112	0.713	-0.909
0.059	0.465	-0.961
0.159	0.318	-1.003
0.186	0.235	-1.048
0.162	0.135	-1.161
0.135	0.163	-1.172
0.073	0.249	-1.097
-0.084	0.328	-1.120
-0.228	0.400	-1.086
-0.265	0.459	-0.946
-0.238	0.514	-0.856
-0.242	0.514	-0.830
-0.248	0.445	-0.788
-0.310	0.452	-0.604
-0.467	0.273	-0.412
-0.580	0.098	-0.600
-0.546	0.046	-0.833
-0.269	0.269	-1.052
-0.071	0.548	-1.056
-0.043	0.768	-1.018
-0.009	0.737	-1.116
0.077	0.531	-1.180
0.152	0.335	-1.150
0.176	0.256	-1.033
0.148	0.242	-0.973
0.059	0.304	-0.928
-0.047	0.321	-0.867
-0.125	0.359	-0.788
-0.214	0.321	-0.736
-0.283	0.239	-0.769
-0.279	0.232	-0.811
-0.245	0.318	-0.769
-0.190	0.386	-0.826
-0.139	0.445	-0.894
-0.074	0.514	-0.920
-0.136	0.465	-0.958
-0.183	0.386	-1.029
-0.163	0.393	-1.074
-0.098	0.421	-1.101
-0.105	0.434	-1.063
-0.170	0.417	-1.025
-0.242	0.424	-1.040
-0.248	0.441	-0.969
-0.201	0.383	-0.901
-0.146	0.266	-0.992
-0.129	0.122	-1.074
-0.132	-0.002	-1.135
-0.118	-0.050	-1.232
-0.142	0.053	-0.992
-0.180	0.300	-1.063
-0.139	0.737	-1.127
-0.139	0.871	-1.112
-0.177	0.816	-1.199
-0.180	0.548	-0.882
-0.224	0.324	-0.901
-0.221	0.208	-0.961
-0.197	0.256	-0.924
-0.207	0.338	-0.796
-0.276	0.383	-0.562
-0.286	0.307	-0.449
-0.197	0.197	-0.461
-0.122	0.067	-0.555
-0.043	0.018	-0.747
0.022	0.032	-0.961
0.049	0.139	-1.112
0.005	0.373	-1.007
-0.088	0.699	-0.946
-0.235	0.926	-1.014
-0.214	0.679	-1.304
-0.122	0.438	-1.270
-0.091	0.190	-1.029
-0.115	0.087	-0.999
-0.142	0.049	-1.033
-0.074	0.101	-1.025
0.025	0.259	-0.818
0.073	0.414	-0.769
0.083	0.534	-0.871
-0.012	0.493	-0.984
-0.088	0.390	-1.010
-0.142	0.269	-1.025
-0.129	0.166	-1.059
-0.101	0.173	-1.120
-0.033	0.321	-1.120
0.032	0.373	-1.116
0.025	0.249	-1.225
-0.012	0.115	-1.157
-0.057	0.025	-1.116
-0.074	0.060	-1.263
-0.077	0.307	-1.421
-0.101	0.720	-1.206
-0.077	0.820	-1.010
-0.026	0.637	-0.897
-0.026	0.379	-0.860
-0.060	0.280	-0.833
-0.091	0.290	-0.784
-0.159	0.448	-0.702
-0.163	0.555	-0.830
-0.094	0.599	-0.965
0.015	0.603	-0.912
0.083	0.654	-0.717
0.159	0.582	-0.653
0.159	0.431	-0.641
0.124	0.393	-0.626
0.070	0.407	-0.675
-0.002	0.376	-0.743
-0.040	0.397	-0.762
-0.060	0.507	-0.724
-0.074	0.534	-0.702
-0.050	0.503	-0.724
0.032	0.431	-0.720
0.063	0.421	-0.679
0.070	0.445	-0.660
0.070	0.558	-0.717
0.066	0.613	-0.920
0.025	0.593	-0.973
0.049	0.558	-0.871
0.083	0.483	-0.837
0.111	0.493	-0.845
0.200	0.486	-0.912
0.302	0.541	-0.973
0.292	0.589	-0.992
0.220	0.524	-0.995
0.148	0.489	-0.980
0.032	0.500	-0.886
-0.118	0.514	-0.856
-0.156	0.534	-0.943
-0.187	0.565	-0.946
-0.159	0.582	-0.931
-0.081	0.572	-0.931
0.015	0.496	-0.901
0.087	0.366	-0.856
0.104	0.307	-0.826
0.165	0.441	-0.713
0.254	0.661	-0.690
0.282	0.730	-0.879
0.278	0.651	-0.980
0.200	0.479	-0.747
0.128	0.393	-0.600
0.104	0.342	-0.544
0.131	0.331	-0.585
0.186	0.397	-0.713
0.186	0.507	-0.965
0.097	0.531	-1.040
-0.002	0.524	-1.059
-0.091	0.593	-0.995
-0.159	0.713	-0.882
-0.136	0.706	-0.905
-0.136	0.644	-1.056
-0.074	0.483	-1.210
-0.023	0.362	-1.153
0.032	0.239	-0.954
0.152	0.166	-1.048
0.313	0.441	-1.074
0.306	0.699	-1.003
0.196	0.706	-0.958
0.152	0.634	-0.894
0.152	0.514	-0.807
0.114	0.424	-0.694
0.080	0.441	-0.638
0.131	0.524	-0.668
0.152	0.579	-0.679
0.128	0.579	-0.675
0.114	0.507	-0.683
0.083	0.452	-0.702
0.080	0.472	-0.694
0.039	0.541	-0.747
-0.057	0.544	-0.818
-0.108	0.514	-0.845
-0.108	0.596	-0.807
-0.006	0.637	-0.811
0.073	0.565	-0.845
0.145	0.445	-0.792
0.176	0.338	-0.781
0.159	0.324	-0.833
0.124	0.342	-0.939
0.104	0.438	-1.014
0.080	0.514	-0.973
0.035	0.489	-0.954
-0.050	0.445	-1.010
-0.142	0.459	-0.995
-0.221	0.469	-0.965
-0.228	0.517	-0.992
-0.173	0.520	-1.025
-0.088	0.489	-1.086
-0.026	0.452	-1.104
-0.002	0.390	-1.101
0.025	0.280	-0.992
0.104	0.153	-0.890
0.183	0.149	-0.939
0.306	0.349	-0.916
0.261	0.613	-0.837
0.165	0.754	-0.875
0.059	0.744	-0.848
-0.071	0.575	-0.864
-0.125	0.476	-0.901
-0.173	0.362	-0.879
-0.214	0.321	-0.751
-0.269	0.269	-0.713
-0.262	0.211	-0.773
-0.187	0.204	-0.879
-0.112	0.266	-0.946
-0.019	0.421	-0.920
0.083	0.569	-0.860
0.162	0.620	-0.879
0.159	0.558	-0.935
0.039	0.428	-0.984
-0.053	0.369	-0.976
-0.112	0.328	-0.958
-0.153	0.307	-0.954
-0.159	0.369	-1.018
-0.163	0.414	-1.037
-0.149	0.428	-0.928
-0.139	0.417	-0.875
-0.156	0.390	-0.897
-0.228	0.393	-0.946
-0.265	0.369	-0.988
-0.245	0.355	-1.059
-0.180	0.345	-1.093
-0.098	0.307	-1.086
0.001	0.311	-1.104
0.049	0.318	-1.044
0.073	0.297	-0.992
0.104	0.218	-0.848
0.176	0.183	-0.807
0.162	0.211	-0.939
0.145	0.500	-1.112
0.059	0.744	-1.093
-0.047	0.754	-1.172
-0.071	0.524	-0.954
-0.088	0.373	-0.860
-0.129	0.335	-0.792
-0.180	0.349	-0.720
-0.190	0.321	-0.720
-0.173	0.290	-0.656
-0.067	0.235	-0.547
-0.019	0.156	-0.528
0.053	0.149	-0.528
0.087	0.190	-0.672
0.032	0.245	-0.924
-0.088	0.455	-1.255
-0.183	0.806	-1.172
-0.187	0.802	-1.101
-0.091	0.562	-1.180
0.005	0.321	-1.244
0.015	0.194	-1.266
-0.033	0.183	-1.138
-0.067	0.324	-0.939
-0.115	0.414	-0.796
-0.170	0.434	-0.879
-0.207	0.362	-1.202
-0.170	0.239	-1.357
-0.156	0.108	-1.345
-0.153	0.087	-1.044
-0.177	0.060	-0.837
-0.159	0.094	-0.920
0.039	0.335	-1.025
0.206	0.562	-1.161
0.254	0.885	-1.135
0.220	0.758	-1.063
0.152	0.538	-0.935
0.097	0.307	-0.788
0.049	0.177	-0.751
-0.009	0.156	-0.705
-0.098	0.242	-0.645
-0.173	0.331	-0.645
-0.187	0.428	-0.664
-0.166	0.445	-0.713
-0.081	0.373	-0.717
-0.019	0.318	-0.713
-0.009	0.245	-0.777
-0.033	0.214	-0.939
-0.009	0.304	-1.067
-0.006	0.562	-1.153
-0.053	0.692	-1.146
-0.071	0.624	-1.131
-0.053	0.404	-1.176
-0.081	0.259	-1.074
-0.053	0.263	-1.044
-0.040	0.311	-1.010
0.012	0.345	-0.931
0.077	0.393	-0.864
0.124	0.390	-0.845
0.070	0.338	-0.920
0.005	0.307	-0.943
-0.053	0.294	-0.965
-0.040	0.335	-1.007
0.042	0.404	-1.037
0.035	0.452	-0.965
0.001	0.366	-1.018
-0.012	0.280	-1.071
-0.002	0.232	-0.992
-0.012	0.201	-0.909
-0.012	0.297	-0.961
-0.047	0.569	-1.187
-0.166	0.799	-1.217
-0.242	0.816	-1.067
-0.207	0.630	-0.837
-0.139	0.434	-0.784
-0.050	0.338	-0.792
0.032	0.414	-0.739
0.131	0.562	-0.672
0.230	0.541	-0.698
0.176	0.362	-0.796
0.111	0.259	-0.769
0.053	0.218	-0.724
-0.026	0.177	-0.679
-0.159	0.249	-0.705
-0.341	0.500	-0.743
-0.402	0.703	-0.882
-0.313	0.703	-1.014
-0.101	0.613	-0.954
0.066	0.431	-0.920
0.186	0.445	-0.943
0.306	0.452	-0.995
0.367	0.500	-0.976
0.330	0.472	-0.976
0.172	0.359	-0.995
-0.009	0.283	-1.010
-0.146	0.273	-0.995
-0.296	0.390	-0.984
-0.378	0.630	-0.931
-0.385	0.689	-0.965
-0.293	0.555	-1.037
-0.177	0.383	-1.029
-0.125	0.280	-0.886
0.012	0.177	-0.694
0.162	0.094	-0.796
0.340	0.170	-0.946
0.374	0.352	-1.063
0.237	0.730	-1.244
0.097	0.895	-1.191
-0.084	0.668	-0.999
-0.156	0.479	-0.841
-0.211	0.397	-0.781
-0.238	0.362	-0.762
-0.170	0.390	-0.758
-0.084	0.407	-0.751
0.080	0.500	-0.687
0.251	0.558	-0.664
0.323	0.572	-0.660
0.299	0.486	-0.709
0.131	0.324	-0.811
-0.009	0.242	-0.920
-0.146	0.232	-1.052
-0.163	0.311	-1.180
-0.142	0.417	-1.214
-0.173	0.527	-1.131
-0.194	0.730	-0.935
-0.156	0.826	-0.882
-0.064	0.768	-0.992
-0.115	0.469	-1.150
-0.098	0.228	-1.285
-0.071	0.132	-1.101
0.029	0.132	-0.867
0.227	0.221	-0.784
0.466	0.390	-0.890
0.596	0.603	-1.003
0.559	0.713	-0.931
0.384	0.627	-0.822
0.230	0.469	-0.864
0.015	0.304	-0.995
-0.166	0.311	-1.007
-0.238	0.507	-0.860
-0.317	0.644	-0.713
-0.248	0.558	-0.713
-0.180	0.486	-0.660
-0.077	0.393	-0.668
0.046	0.355	-0.717
0.097	0.407	-0.713
0.138	0.455	-0.751
0.107	0.445	-0.905
0.073	0.489	-0.894
0.063	0.507	-0.860
0.070	0.603	-0.912
0.176	0.737	-0.950
0.374	0.768	-0.995
0.388	0.658	-0.999
0.261	0.459	-0.973
0.073	0.276	-0.954
0.008	0.311	-0.935
0.042	0.441	-0.871
0.039	0.613	-0.739
-0.002	0.737	-0.758
0.025	0.744	-0.769
0.090	0.668	-0.796
0.172	0.558	-0.803
0.196	0.462	-0.800
0.186	0.352	-0.754
0.145	0.266	-0.705
0.083	0.218	-0.713
0.018	0.245	-0.736
0.066	0.465	-0.675
0.135	0.593	-0.645
0.128	0.565	-0.702
0.049	0.500	-0.702
0.008	0.476	-0.713
-0.057	0.493	-0.845
-0.142	0.610	-1.033
-0.173	0.672	-0.965
-0.081	0.682	-0.920
0.155	0.706	-0.928
0.319	0.713	-0.894
0.330	0.589	-0.924
0.254	0.479	-0.950
0.179	0.472	-0.920
0.080	0.479	-0.916
0.008	0.452	-0.897
-0.016	0.428	-0.890
0.049	0.414	-0.943
0.155	0.514	-0.935
0.152	0.527	-0.879
0.056	0.465	-0.890
-0.033	0.362	-0.976
-0.067	0.373	-1.033
-0.091	0.479	-0.973
-0.136	0.613	-0.871
-0.136	0.654	-0.826
-0.088	0.575	-0.841
-0.036	0.479	-0.860
0.066	0.410	-0.845
0.162	0.359	-0.890
0.183	0.338	-0.961
0.176	0.269	-0.961
0.131	0.259	-0.864
0.121	0.472	-0.815
0.066	0.816	-0.679
-0.060	0.833	-0.939
-0.228	0.709	-0.984
-0.313	0.613	-0.724
-0.235	0.407	-0.608
-0.159	0.304	-0.645
-0.036	0.263	-0.773
0.087	0.321	-0.894
0.159	0.397	-0.973
0.169	0.421	-0.995
0.087	0.417	-1.056
0.005	0.551	-1.037
-0.122	0.758	-0.886
-0.170	0.641	-1.018
-0.074	0.538	-0.984
0.070	0.362	-0.954
0.186	0.180	-0.920
0.155	0.029	-0.800
0.087	-0.064	-0.788
0.070	-0.078	-0.901
0.131	0.146	-1.443
-0.019	0.503	-1.398
-0.235	1.373	-1.078
-0.259	1.201	-1.281
-0.187	0.789	-1.059
-0.084	0.352	-0.920
-0.012	0.194	-0.815
0.042	0.111	-0.720
0.104	0.122	-0.634
0.124	0.098	-0.596
0.118	0.036	-0.690
0.087	0.053	-0.856
-0.019	0.101	-0.976
-0.197	0.321	-0.958
-0.372	0.727	-0.864
-0.447	0.943	-0.935
-0.406	0.950	-0.999
-0.194	0.654	-1.093
-0.043	0.407	-1.033
0.066	0.214	-1.014
0.073	0.094	-0.939
0.070	0.098	-0.879
0.121	0.194	-0.924
0.155	0.324	-0.886
0.142	0.417	-0.796
-0.006	0.424	-0.837
-0.139	0.445	-0.879
-0.211	0.452	-0.905
-0.255	0.459	-1.052
-0.242	0.366	-1.180
-0.228	0.314	-1.180
-0.149	0.400	-1.199
-0.081	0.404	-1.323
-0.040	0.510	-1.470
-0.036	0.617	-1.409
-0.050	0.593	-1.187
-0.026	0.469	-1.018
0.029	0.379	-0.882
-0.009	0.314	-0.717
-0.023	0.245	-0.608
-0.012	0.201	-0.491
0.053	0.170	-0.453
0.087	0.170	-0.480
0.066	0.263	-0.570
-0.006	0.390	-0.709
-0.053	0.462	-0.822
-0.105	0.558	-0.856
-0.214	0.679	-0.645
-0.303	0.754	-0.544
-0.269	0.709	-0.713
-0.166	0.562	-0.905
-0.071	0.393	-1.025
0.035	0.314	-1.052
0.124	0.311	-1.067
0.135	0.256	-1.172
0.059	0.318	-1.248
-0.002	0.548	-1.191
-0.122	0.747	-1.097
-0.183	0.699	-1.135
-0.149	0.493	-0.867
-0.122	0.156	-0.901
-0.115	0.015	-0.826
-0.136	-0.050	-0.694
-0.214	-0.074	-0.747
-0.129	0.087	-1.417
0.162	0.273	-1.662
0.056	0.620	-1.500
0.046	1.246	-1.168
0.046	0.789	-1.146
-0.009	0.424	-1.082
-0.074	0.269	-0.920
-0.129	0.221	-0.781
-0.197	0.249	-0.585
-0.224	0.283	-0.525
-0.214	0.256	-0.540
-0.132	0.321	-0.581
0.018	0.448	-0.698
0.063	0.610	-0.897
0.053	0.551	-1.172
-0.023	0.366	-1.044
-0.088	0.221	-0.905
-0.132	0.153	-0.845
-0.132	0.283	-0.999
-0.094	0.369	-1.044
-0.026	0.445	-0.912
0.035	0.520	-0.800
0.097	0.572	-0.815
0.217	0.582	-0.837
0.121	0.393	-0.871
-0.057	0.228	-0.864
-0.279	0.101	-0.924
-0.437	0.087	-0.950
-0.546	0.345	-0.999
-0.426	0.820	-0.818
-0.385	0.754	-0.830
-0.334	0.503	-0.939
-0.207	0.369	-0.950
-0.064	0.342	-1.007
0.059	0.342	-1.089
0.049	0.338	-1.229
-0.057	0.407	-1.180
-0.163	0.455	-1.074
-0.211	0.465	-1.059
-0.149	0.369	-1.120
-0.115	0.294	-1.123
-0.050	0.201	-1.104
-0.023	0.146	-0.999
-0.029	0.125	-0.909
-0.006	0.163	-1.116
-0.053	0.404	-0.769
-0.094	0.940	-0.928
-0.057	1.198	-1.180
-0.187	0.871	-1.003
-0.300	0.434	-0.867
-0.269	0.269	-0.788
-0.221	0.335	-0.728
-0.238	0.445	-0.713
-0.214	0.514	-0.788
-0.207	0.624	-0.747
-0.190	0.520	-0.754
-0.043	0.307	-0.751
0.029	0.187	-0.619
0.073	0.122	-0.513
0.107	0.108	-0.483
0.148	0.115	-0.562
0.206	0.201	-0.728
0.213	0.476	-0.954
0.206	0.799	-1.093
-0.002	0.933	-1.172
-0.245	0.713	-1.202
-0.276	0.428	-1.206
-0.269	0.245	-1.187
-0.283	0.235	-1.217
-0.300	0.469	-1.048
-0.245	0.789	-0.856
-0.125	0.599	-1.052
-0.105	0.324	-1.123
-0.108	0.091	-1.074
-0.112	-0.016	-0.807
-0.094	-0.043	-0.679
-0.043	-0.050	-0.690
0.046	0.115	-1.323
0.077	0.221	-1.492
