0.148	-0.167	-1.086
0.131	-0.147	-1.089
0.118	-0.150	-1.116
0.104	-0.160	-1.135
0.087	-0.171	-1.101
0.073	-0.150	-1.089
0.097	-0.136	-1.074
0.070	-0.126	-1.040
0.012	-0.147	-0.943
-0.029	-0.198	-0.871
-0.043	-0.263	-0.815
-0.012	-0.318	-0.822
0.015	-0.356	-0.830
0.063	-0.404	-0.848
0.145	-0.411	-0.792
0.220	-0.391	-0.687
0.244	-0.380	-0.547
0.217	-0.401	-0.521
0.203	-0.463	-0.592
0.200	-0.528	-0.664
0.179	-0.497	-0.683
0.138	-0.446	-0.679
0.042	-0.411	-0.709
-0.040	-0.384	-0.743
-0.132	-0.367	-0.751
-0.194	-0.322	-0.807
-0.190	-0.257	-0.833
-0.129	-0.174	-0.980
-0.009	-0.140	-1.210
0.090	-0.122	-1.387
0.234	-0.095	-1.421
0.251	-0.095	-1.315
0.183	-0.088	-1.221
0.097	-0.102	-1.202
0.001	-0.133	-1.206
-0.053	-0.126	-1.153
-0.040	-0.109	-1.018
-0.026	-0.126	-0.875
-0.033	-0.184	-0.784
-0.105	-0.198	-0.747
-0.177	-0.122	-0.803
-0.296	-0.037	-0.969
-0.474	-0.081	-1.308
-0.549	-0.263	-1.485
-0.313	-0.301	-1.391
0.035	-0.298	-1.232
0.285	-0.336	-1.097
0.446	-0.391	-1.074
0.518	-0.446	-1.044
0.490	-0.449	-0.988
0.487	-0.373	-0.924
0.453	-0.284	-0.837
0.313	-0.222	-0.837
0.200	-0.219	-0.856
0.111	-0.208	-0.826
0.035	-0.181	-0.784
-0.053	-0.171	-0.811
-0.187	-0.191	-0.860
-0.317	-0.202	-0.905
-0.406	-0.150	-0.875
-0.430	-0.126	-0.856
-0.423	-0.109	-0.845
-0.334	-0.081	-0.890
-0.255	-0.061	-0.984
-0.139	-0.019	-1.131
-0.064	-0.006	-1.217
-0.019	-0.019	-1.195
0.046	-0.105	-1.089
0.100	-0.305	-1.063
-0.009	-0.583	-1.078
-0.385	-0.858	-1.033
-0.614	-0.858	-0.984
-0.553	-0.580	-0.894
-0.286	-0.322	-0.935
-0.057	-0.198	-0.992
0.083	-0.119	-1.116
0.097	-0.081	-1.157
-0.019	-0.116	-1.120
-0.177	-0.191	-1.097
-0.170	-0.260	-1.093
-0.071	-0.318	-1.082
0.070	-0.353	-1.108
0.203	-0.329	-1.184
0.265	-0.284	-1.187
0.292	-0.236	-1.056
0.289	-0.263	-0.800
0.275	-0.284	-0.641
0.268	-0.270	-0.551
0.282	-0.243	-0.555
0.316	-0.243	-0.645
0.388	-0.267	-0.811
0.425	-0.246	-0.931
0.405	-0.236	-0.912
0.319	-0.236	-0.830
0.196	-0.239	-0.754
0.118	-0.239	-0.728
0.066	-0.236	-0.720
0.053	-0.215	-0.743
0.022	-0.177	-0.766
-0.050	-0.105	-0.796
-0.125	0.005	-0.897
-0.149	0.118	-0.995
-0.101	0.283	-1.172
0.035	0.355	-1.308
0.159	0.355	-1.281
0.292	0.256	-1.146
0.408	0.118	-0.999
0.463	0.029	-0.943
0.460	-0.112	-0.946
0.419	-0.253	-0.984
0.371	-0.329	-0.995
0.323	-0.346	-1.022
0.251	-0.284	-1.040
0.217	-0.229	-1.063
0.234	-0.167	-1.214
0.237	-0.074	-1.428
0.193	0.012	-1.436
0.022	0.098	-1.312
-0.067	0.170	-1.244
-0.071	0.194	-1.281
-0.047	0.218	-1.330
-0.002	0.197	-1.225
-0.023	0.115	-1.063
-0.023	0.046	-0.897
0.025	-0.009	-0.867
0.053	-0.037	-0.931
0.042	-0.088	-1.048
0.029	-0.174	-1.082
0.032	-0.274	-1.037
0.063	-0.329	-0.976
0.114	-0.305	-0.939
0.121	-0.253	-0.909
0.145	-0.174	-0.935
0.152	-0.092	-0.954
0.169	-0.016	-0.958
0.152	0.077	-0.969
0.097	0.173	-0.980
0.018	0.283	-1.052
-0.026	0.379	-1.161
-0.009	0.397	-1.127
-0.043	0.352	-0.939
0.018	0.232	-0.762
0.073	0.056	-0.807
0.083	-0.112	-1.014
0.169	-0.253	-0.845
0.289	-0.490	-0.935
0.271	-0.679	-0.894
0.128	-0.532	-0.626
0.049	-0.432	-0.679
0.005	-0.315	-0.822
0.008	-0.318	-1.093
0.015	-0.329	-1.217
0.012	-0.312	-1.048
0.070	-0.370	-0.988
0.142	-0.398	-1.022
0.186	-0.308	-0.976
0.179	-0.287	-0.864
0.179	-0.349	-0.705
0.254	-0.404	-0.536
0.371	-0.312	-0.600
0.439	-0.198	-0.702
0.367	-0.112	-0.848
0.275	-0.188	-0.995
0.241	-0.236	-1.071
0.176	-0.153	-1.059
0.104	0.022	-0.999
0.046	0.125	-0.973
-0.036	0.142	-0.973
-0.064	0.135	-1.040
-0.016	0.128	-1.078
0.128	0.087	-1.097
0.302	0.025	-1.014
0.398	0.001	-0.924
0.466	-0.033	-0.841
0.460	-0.054	-0.833
0.419	-0.095	-0.879
0.295	-0.150	-0.882
0.179	-0.232	-0.818
0.142	-0.343	-0.811
0.118	-0.336	-0.837
0.066	-0.174	-0.905
0.025	-0.050	-0.973
0.049	-0.006	-1.120
0.135	-0.023	-1.304
0.142	-0.026	-1.259
-0.006	0.063	-1.153
-0.159	0.012	-1.138
-0.307	-0.085	-1.168
-0.382	-0.023	-1.074
-0.248	0.008	-0.796
-0.050	-0.026	-0.694
0.261	-0.112	-0.758
0.453	-0.215	-0.924
0.555	-0.246	-1.112
0.429	-0.184	-1.067
0.282	-0.095	-1.003
0.063	0.029	-0.920
-0.112	0.060	-0.965
-0.173	0.077	-0.995
-0.139	0.187	-0.984
-0.091	0.259	-1.033
-0.050	0.266	-1.089
0.022	0.263	-1.146
0.059	0.249	-1.157
0.015	0.242	-1.153
-0.023	0.249	-1.165
-0.105	0.225	-1.172
-0.136	0.211	-1.176
-0.163	0.173	-1.101
-0.149	0.111	-1.003
-0.105	0.056	-0.943
-0.043	-0.026	-0.931
0.015	-0.081	-1.044
0.025	-0.109	-1.127
0.001	-0.129	-1.195
-0.026	0.297	-1.056
0.142	0.441	-0.864
0.617	0.465	-1.244
0.846	0.252	-1.074
0.114	-0.387	-0.992
-0.844	-0.219	-0.777
-0.909	-0.136	-0.483
-0.361	-0.043	-0.713
0.097	0.025	-1.067
0.531	0.001	-1.240
0.466	-0.012	-1.093
0.282	0.001	-0.958
0.179	-0.023	-0.954
0.135	-0.009	-0.999
0.142	0.036	-0.988
0.118	0.118	-0.999
0.046	0.139	-1.067
0.005	0.132	-1.138
0.046	0.139	-1.165
0.111	0.177	-1.165
0.179	0.208	-1.131
0.165	0.204	-1.063
0.124	0.128	-0.976
0.063	0.070	-0.879
-0.026	0.012	-0.781
-0.146	-0.098	-0.777
-0.218	-0.064	-0.879
-0.081	-0.037	-0.946
0.142	0.005	-1.056
0.562	0.063	-1.195
0.542	0.015	-1.289
0.261	-0.026	-1.255
-0.108	-0.006	-1.157
-0.389	-0.016	-1.052
-0.389	-0.054	-0.912
-0.317	-0.167	-0.841
-0.204	-0.191	-0.841
-0.159	-0.205	-0.826
-0.142	-0.229	-0.867
-0.115	-0.229	-0.905
-0.064	-0.215	-0.928
-0.006	-0.191	-1.029
-0.023	-0.112	-1.086
-0.060	-0.043	-1.052
-0.057	0.053	-0.980
0.005	0.070	-0.961
0.039	-0.006	-1.010
-0.002	-0.047	-1.022
-0.088	-0.023	-1.018
-0.132	0.012	-1.033
-0.156	0.025	-1.067
-0.146	0.005	-1.025
-0.125	-0.023	-0.969
-0.101	-0.061	-0.924
-0.050	-0.119	-0.833
0.005	-0.191	-0.747
0.083	-0.263	-0.698
0.073	-0.236	-0.736
0.063	-0.253	-0.800
-0.012	-0.349	-0.924
-0.153	-0.339	-1.210
-0.296	-0.305	-1.214
-0.272	-0.112	-1.104
-0.036	0.018	-0.995
0.124	0.005	-0.954
0.220	-0.191	-0.837
0.220	-0.367	-0.848
0.224	-0.373	-0.950
0.142	-0.253	-0.976
0.001	-0.167	-0.961
-0.139	-0.181	-0.995
-0.071	-0.126	-0.969
0.001	-0.033	-0.976
0.046	0.008	-1.025
0.107	0.049	-1.089
0.142	0.108	-1.127
0.145	0.149	-1.120
0.087	0.111	-1.153
0.035	0.087	-1.180
-0.002	0.067	-1.153
-0.006	0.039	-1.044
0.008	-0.074	-0.961
-0.006	-0.140	-0.958
-0.105	-0.270	-0.912
-0.183	-0.339	-0.788
-0.166	-0.257	-0.690
-0.012	-0.229	-0.694
0.053	-0.239	-0.777
0.059	-0.287	-0.980
-0.053	-0.298	-1.296
-0.149	-0.387	-1.443
-0.221	-0.315	-1.458
-0.214	-0.122	-1.368
-0.218	-0.026	-1.270
-0.228	-0.092	-1.214
-0.279	-0.212	-1.089
-0.286	-0.274	-0.992
-0.300	-0.346	-0.890
-0.286	-0.315	-0.909
-0.259	-0.263	-0.950
-0.231	-0.250	-0.958
-0.187	-0.257	-0.909
-0.136	-0.250	-0.871
-0.064	-0.208	-0.864
0.001	-0.129	-0.856
0.056	-0.071	-0.886
0.121	-0.050	-0.912
0.135	-0.119	-0.961
0.121	-0.195	-0.995
0.080	-0.226	-1.044
0.032	-0.202	-1.033
-0.053	-0.160	-1.052
-0.146	-0.143	-1.052
-0.183	-0.136	-1.007
-0.163	-0.157	-0.965
-0.118	-0.215	-0.924
-0.060	-0.298	-0.886
0.005	-0.332	-0.833
0.080	-0.356	-0.762
0.087	-0.387	-0.709
0.073	-0.387	-0.717
0.032	-0.380	-0.747
-0.026	-0.394	-0.815
-0.060	-0.415	-0.916
-0.094	-0.422	-1.044
-0.088	-0.384	-0.984
-0.047	-0.349	-0.928
0.022	-0.356	-0.897
0.035	-0.391	-0.905
-0.026	-0.394	-0.939
0.018	-0.336	-0.992
0.128	-0.284	-1.029
0.278	-0.219	-1.048
0.419	-0.226	-1.003
0.490	-0.277	-0.973
0.514	-0.346	-0.961
0.487	-0.339	-0.950
0.412	-0.305	-0.912
0.336	-0.281	-0.909
0.244	-0.308	-0.928
0.152	-0.339	-0.969
0.035	-0.346	-0.965
-0.105	-0.353	-0.943
-0.201	-0.318	-0.924
-0.255	-0.222	-0.909
-0.183	-0.043	-0.950
-0.098	0.056	-0.988
0.042	0.098	-1.067
0.176	0.108	-1.135
0.282	0.128	-1.168
0.357	0.139	-1.184
0.357	0.122	-1.150
0.330	0.073	-1.082
0.319	-0.057	-1.052
0.336	-0.147	-1.018
0.313	-0.191	-0.992
0.261	-0.294	-0.924
0.224	-0.329	-0.890
0.196	-0.291	-0.848
0.138	-0.226	-0.777
0.083	-0.191	-0.736
0.073	-0.181	-0.811
0.145	-0.212	-1.007
0.241	-0.226	-1.146
0.265	-0.208	-1.187
0.265	-0.150	-1.176
0.261	-0.098	-1.078
0.220	-0.067	-1.003
0.165	-0.037	-0.954
0.128	-0.037	-0.965
0.094	-0.054	-0.961
0.083	-0.074	-0.943
0.100	-0.088	-0.901
0.145	-0.112	-0.916
0.193	-0.129	-0.920
0.210	-0.126	-0.931
0.213	-0.109	-0.924
0.193	-0.067	-0.860
0.145	-0.047	-0.792
0.118	-0.047	-0.758
0.121	-0.157	-0.781
0.186	-0.353	-0.871
0.265	-0.260	-0.973
0.350	-0.102	-0.882
0.340	-0.064	-0.916
0.282	-0.078	-0.894
0.189	-0.040	-0.837
0.107	0.029	-0.882
0.056	0.032	-0.916
0.053	0.018	-0.946
0.077	-0.012	-0.980
0.094	-0.030	-1.022
0.118	-0.057	-1.037
0.128	-0.085	-1.003
0.148	-0.105	-1.044
0.152	-0.102	-1.138
0.148	-0.092	-1.176
0.135	-0.078	-1.191
0.124	-0.043	-1.150
0.138	0.001	-1.074
0.148	0.032	-1.037
0.179	0.049	-1.022
0.210	0.046	-1.127
0.203	0.049	-1.195
0.176	0.036	-1.214
0.118	0.043	-1.071
0.073	0.036	-0.965
0.049	0.032	-0.950
0.053	0.022	-1.014
0.070	0.012	-1.086
0.035	0.008	-1.048
0.005	-0.012	-0.931
-0.006	-0.019	-0.909
0.008	-0.037	-0.879
0.080	-0.019	-0.867
0.155	-0.002	-0.928
0.210	0.046	-1.010
0.224	0.063	-0.958
0.196	0.039	-0.984
0.155	0.001	-0.943
0.087	-0.026	-0.928
0.046	-0.064	-0.939
0.012	-0.085	-1.029
-0.040	-0.098	-1.086
-0.050	-0.057	-1.093
-0.019	0.008	-1.157
0.022	0.039	-1.165
0.077	0.049	-1.101
0.135	0.080	-1.037
0.183	0.098	-0.976
0.183	0.087	-0.935
0.148	0.046	-0.909
0.100	-0.016	-0.912
0.063	-0.064	-0.886
0.035	-0.122	-0.882
0.029	-0.174	-0.901
0.018	-0.195	-0.935
0.056	-0.198	-0.943
0.066	-0.181	-0.965
0.032	-0.171	-1.018
-0.033	-0.174	-1.029
-0.074	-0.177	-0.969
-0.053	-0.171	-0.969
0.015	-0.140	-1.120
0.059	-0.019	-1.214
0.083	0.297	-1.071
0.039	0.544	-1.101
-0.071	0.569	-1.071
-0.255	0.524	-1.022
-0.324	0.304	-1.067
-0.245	-0.167	-1.116
0.138	-0.356	-1.180
0.559	-0.322	-1.135
0.603	-0.205	-1.101
0.371	-0.298	-0.766
0.203	-0.325	-0.890
0.131	-0.239	-0.867
0.179	-0.263	-0.815
0.330	-0.270	-1.052
0.535	-0.119	-1.319
0.381	-0.009	-1.285
0.244	0.084	-1.259
0.251	0.087	-1.214
0.282	0.067	-1.180
0.268	0.015	-1.116
0.292	-0.016	-1.101
0.292	-0.009	-1.052
0.189	0.073	-0.958
0.090	0.101	-0.939
-0.012	0.115	-0.905
-0.043	0.183	-0.815
-0.088	0.259	-0.751
-0.084	0.245	-0.792
-0.016	0.232	-0.912
-0.060	0.245	-1.044
-0.286	0.142	-1.236
-0.447	0.025	-1.342
-0.402	-0.071	-1.372
-0.262	-0.153	-1.312
-0.084	-0.198	-1.285
0.053	-0.250	-1.206
0.128	-0.325	-1.138
0.046	-0.377	-1.150
-0.009	-0.353	-1.048
-0.077	-0.263	-0.856
-0.156	-0.198	-0.743
-0.149	-0.243	-0.709
-0.149	-0.281	-0.698
-0.204	-0.236	-0.713
-0.262	-0.198	-0.717
-0.313	-0.253	-0.724
-0.296	-0.380	-0.698
-0.303	-0.360	-0.751
-0.245	-0.277	-0.845
-0.190	-0.164	-0.856
-0.149	-0.067	-0.905
-0.067	-0.030	-0.916
-0.009	0.029	-0.886
0.012	0.005	-0.803
0.032	-0.098	-0.864
0.056	-0.105	-0.924
0.056	-0.033	-0.965
-0.050	0.043	-1.033
-0.132	0.056	-1.063
-0.197	0.022	-1.153
-0.177	-0.033	-1.157
-0.156	-0.074	-1.112
-0.112	-0.085	-1.029
-0.016	-0.033	-0.988
0.032	-0.009	-0.939
0.022	-0.002	-0.939
-0.019	-0.009	-1.097
-0.006	-0.033	-1.281
0.025	-0.037	-1.428
-0.026	0.094	-1.368
-0.074	0.249	-1.202
-0.142	0.300	-1.063
-0.187	0.242	-1.003
-0.245	0.132	-0.950
-0.358	0.039	-0.954
-0.498	-0.067	-0.867
-0.395	-0.205	-0.626
-0.180	-0.147	-0.544
-0.026	-0.061	-0.717
0.008	0.005	-0.943
-0.026	0.098	-1.184
-0.098	0.139	-1.504
-0.146	0.194	-1.722
-0.211	0.194	-1.598
-0.238	0.118	-1.507
-0.231	0.080	-1.500
-0.197	0.094	-1.421
-0.142	0.087	-1.236
-0.047	0.156	-1.168
0.046	0.159	-1.093
0.111	0.084	-1.040
0.053	-0.033	-0.935
-0.040	-0.219	-0.822
-0.108	-0.205	-0.747
-0.129	-0.067	-0.743
-0.166	0.039	-0.758
-0.139	-0.061	-0.803
-0.125	-0.205	-0.965
-0.173	-0.294	-1.097
-0.187	-0.428	-0.905
-0.094	-0.528	-0.803
0.114	-0.490	-0.792
0.203	-0.415	-0.754
0.292	-0.360	-0.777
0.419	-0.315	-0.886
0.371	-0.318	-0.916
0.179	-0.391	-0.931
-0.043	-0.535	-0.939
-0.118	-0.576	-0.924
-0.064	-0.487	-0.867
0.022	-0.343	-0.830
0.059	-0.332	-0.867
0.035	-0.373	-0.965
-0.012	-0.404	-1.078
-0.077	-0.439	-1.153
-0.053	-0.401	-1.153
0.073	-0.336	-1.142
0.200	-0.315	-1.116
0.241	-0.415	-1.067
0.206	-0.576	-0.882
0.121	-0.600	-0.709
0.032	-0.504	-0.634
-0.036	-0.339	-0.739
-0.077	-0.401	-0.897
0.032	-0.590	-1.157
0.114	-0.583	-1.074
0.063	-0.394	-0.950
0.046	-0.208	-0.717
0.012	-0.136	-0.653
-0.101	-0.229	-0.796
-0.310	-0.339	-1.078
-0.389	-0.521	-1.074
-0.262	-0.587	-1.059
0.142	-0.528	-1.078
0.436	-0.425	-1.165
0.388	-0.367	-1.270
0.155	-0.404	-1.342
-0.050	-0.446	-1.372
-0.033	-0.463	-1.293
0.083	-0.370	-1.210
0.224	-0.356	-1.191
0.210	-0.391	-1.168
0.080	-0.435	-1.040
0.035	-0.545	-0.992
0.046	-0.559	-0.965
0.111	-0.415	-0.690
0.111	-0.263	-0.434
0.053	-0.367	-0.404
0.217	-0.614	-0.559
0.254	-0.666	-0.690
0.176	-0.363	-0.431
-0.053	-0.312	-0.299
-0.228	-0.556	-0.472
-0.112	-0.755	-0.521
0.097	-0.679	-0.438
0.138	-0.593	-0.329
0.111	-0.642	-0.412
0.121	-0.659	-0.736
0.159	-0.604	-1.056
0.200	-0.566	-1.135
0.111	-0.569	-1.327
0.073	-0.707	-1.537
0.278	-0.765	-1.500
0.415	-0.731	-1.349
0.299	-0.700	-1.029
0.155	-0.707	-0.811
-0.057	-0.662	-0.815
-0.136	-0.707	-0.694
-0.074	-0.728	-0.431
-0.310	-0.628	0.277
-0.587	-0.174	0.394
-0.594	-0.236	0.029
-0.351	-0.487	-0.378
-0.197	-0.514	-0.803
-0.159	-0.363	-1.157
-0.259	-0.257	-1.300
-0.351	-0.312	-1.112
-0.289	-0.466	-1.165
-0.139	-0.535	-1.308
0.018	-0.535	-1.519
0.203	-0.714	-1.775
0.381	-0.948	-1.620
0.336	-0.796	-1.244
0.049	-0.614	-1.349
-0.067	-0.638	-1.312
-0.242	-0.583	-1.296
-0.259	-0.538	-1.372
-0.060	-0.607	-1.025
0.251	-0.477	0.096
0.494	-0.260	1.053
0.525	0.001	-0.028
0.179	-0.222	-0.890
-0.395	-0.542	-0.483
-0.714	-0.563	-0.397
-0.484	-0.439	-0.525
-0.002	-0.470	-0.645
0.384	-0.563	-0.928
0.542	-0.573	-1.157
0.391	-0.587	-1.323
0.183	-0.624	-1.330
-0.146	-0.614	-1.360
-0.211	-0.624	-1.285
0.070	-0.587	-1.376
0.336	-0.576	-1.266
0.490	-0.508	-1.003
0.470	-0.473	-0.871
0.388	-0.552	-0.916
0.289	-0.913	-0.408
-0.088	-0.497	0.247
-0.372	-0.033	0.544
-0.532	-0.109	0.194
-0.118	-0.243	-0.280
0.049	-0.119	-0.472
0.165	-0.119	-0.796
0.299	-0.277	-1.123
0.251	-0.418	-1.315
0.042	-0.480	-1.391
-0.077	-0.425	-1.500
-0.228	-0.477	-1.680
-0.091	-0.755	-1.842
0.186	-0.961	-1.620
0.135	-0.831	-1.236
0.083	-0.655	-1.172
0.029	-0.552	-1.289
0.008	-0.480	-1.259
0.039	-0.294	-1.112
0.039	-0.418	-1.123
0.285	-0.353	-0.340
0.398	-0.349	0.789
0.172	0.008	-0.073
0.066	-0.109	-0.272
-0.177	-0.583	-0.114
-0.354	-0.401	-0.355
-0.300	-0.398	-0.506
-0.118	-0.394	-0.751
-0.012	-0.470	-1.037
0.114	-0.490	-1.349
0.395	-0.501	-1.594
0.470	-0.563	-1.556
0.306	-0.583	-1.481
0.131	-0.566	-1.259
0.056	-0.518	-1.161
0.046	-0.470	-1.067
0.053	-0.477	-0.943
0.090	-0.549	-0.803
0.128	-0.477	-0.833
0.145	-0.563	-0.905
0.148	-0.652	-0.611
0.254	-0.542	-0.359
0.135	-0.384	-0.129
-0.187	-0.222	-0.269
-0.341	-0.363	-0.608
-0.279	-0.391	-0.769
-0.197	-0.301	-0.694
-0.163	-0.129	-0.837
-0.238	-0.208	-1.033
-0.279	-0.418	-1.014
-0.214	-0.528	-0.992
-0.040	-0.459	-1.104
0.121	-0.425	-1.161
0.200	-0.446	-1.263
0.118	-0.618	-1.296
0.111	-0.576	-1.138
0.159	-0.466	-1.007
0.176	-0.459	-1.033
0.196	-0.456	-1.078
0.104	-0.439	-1.172
-0.040	-0.459	-1.255
-0.142	-0.532	-1.138
-0.094	-0.494	-0.811
0.135	-0.346	-0.540
0.302	-0.263	-0.495
0.381	-0.380	-0.705
0.196	-0.587	-0.976
-0.115	-0.673	-0.897
-0.378	-0.642	-0.611
-0.317	-0.549	-0.457
-0.159	-0.521	-0.408
0.018	-0.494	-0.476
0.220	-0.453	-0.619
0.378	-0.432	-0.713
0.484	-0.463	-0.818
0.388	-0.576	-0.912
0.241	-0.604	-0.931
0.039	-0.556	-0.946
-0.125	-0.514	-1.029
-0.173	-0.514	-1.014
-0.156	-0.501	-0.995
-0.019	-0.497	-0.992
0.104	-0.511	-0.992
0.176	-0.538	-0.943
0.210	-0.532	-0.875
0.241	-0.514	-0.815
0.271	-0.497	-0.743
0.193	-0.504	-0.724
0.090	-0.573	-0.690
0.018	-0.631	-0.634
-0.006	-0.559	-0.634
-0.016	-0.463	-0.754
-0.081	-0.676	-1.048
-0.029	-1.044	-1.116
0.063	-0.979	-1.056
0.138	-0.648	-0.879
0.100	-0.442	-0.773
0.015	-0.322	-0.649
-0.088	-0.332	-0.547
-0.190	-0.411	-0.615
-0.283	-0.573	-0.743
-0.283	-0.638	-0.751
-0.173	-0.607	-0.754
-0.026	-0.559	-0.758
0.100	-0.494	-0.773
0.107	-0.418	-0.781
0.025	-0.380	-0.818
-0.040	-0.446	-0.928
-0.036	-0.477	-1.018
0.032	-0.466	-1.101
0.124	-0.435	-1.108
0.179	-0.439	-1.078
0.186	-0.384	-1.067
0.135	-0.404	-1.007
0.046	-0.466	-1.022
-0.036	-0.528	-0.995
-0.105	-0.566	-0.924
-0.077	-0.566	-0.818
0.032	-0.549	-0.762
0.152	-0.521	-0.773
0.241	-0.525	-0.777
0.354	-0.535	-0.758
0.453	-0.542	-0.912
0.425	-0.559	-1.059
0.142	-0.580	-1.078
-0.197	-0.576	-0.950
-0.341	-0.642	-0.833
-0.231	-0.697	-0.679
0.035	-0.569	-0.574
0.165	-0.480	-0.506
0.189	-0.501	-0.528
0.172	-0.535	-0.574
0.104	-0.556	-0.608
0.049	-0.576	-0.672
0.029	-0.576	-0.728
-0.002	-0.569	-0.758
-0.053	-0.549	-0.769
-0.074	-0.508	-0.784
-0.040	-0.511	-0.856
0.039	-0.435	-0.935
0.025	-0.425	-0.950
-0.067	-0.425	-1.037
-0.163	-0.449	-1.150
-0.180	-0.508	-1.263
-0.207	-0.487	-1.270
-0.183	-0.514	-1.217
-0.023	-0.549	-1.082
0.077	-0.569	-0.984
0.159	-0.573	-0.833
0.148	-0.576	-0.702
0.142	-0.525	-0.656
0.148	-0.446	-0.687
0.121	-0.415	-0.784
0.053	-0.449	-0.995
-0.009	-0.569	-1.168
-0.081	-0.631	-1.146
-0.142	-0.587	-1.067
-0.125	-0.518	-0.924
-0.101	-0.432	-0.848
-0.118	-0.360	-0.739
-0.136	-0.270	-0.668
-0.094	-0.232	-0.664
-0.043	-0.246	-0.705
-0.088	-0.318	-0.830
-0.146	-0.377	-0.924
-0.170	-0.490	-0.969
-0.166	-0.518	-0.950
-0.136	-0.497	-0.920
-0.098	-0.439	-0.897
-0.098	-0.370	-0.897
-0.101	-0.336	-0.920
-0.136	-0.287	-0.992
-0.146	-0.243	-1.040
-0.139	-0.208	-1.108
-0.081	-0.188	-1.157
-0.023	-0.160	-1.199
0.005	-0.184	-1.184
-0.006	-0.253	-1.146
-0.006	-0.349	-1.127
-0.009	-0.408	-1.078
-0.033	-0.398	-0.980
-0.067	-0.394	-0.950
-0.125	-0.387	-0.954
-0.146	-0.367	-0.984
-0.077	-0.449	-1.018
0.029	-0.528	-1.056
0.118	-0.490	-1.071
0.138	-0.432	-1.048
0.118	-0.394	-0.980
0.131	-0.367	-0.822
0.135	-0.339	-0.728
0.114	-0.312	-0.717
0.104	-0.349	-0.653
0.138	-0.439	-0.521
0.179	-0.453	-0.480
0.203	-0.415	-0.540
0.196	-0.415	-0.690
0.165	-0.422	-0.739
0.135	-0.490	-0.784
0.111	-0.638	-0.811
0.087	-0.676	-0.845
0.090	-0.600	-0.826
0.131	-0.463	-0.811
0.135	-0.387	-0.890
0.111	-0.346	-0.965
0.029	-0.349	-1.071
-0.098	-0.318	-1.089
-0.228	-0.332	-1.180
-0.300	-0.380	-1.289
-0.238	-0.428	-1.338
-0.023	-0.428	-1.161
0.131	-0.435	-1.071
0.241	-0.466	-1.010
0.237	-0.532	-1.029
0.230	-0.569	-0.973
0.220	-0.563	-0.864
0.152	-0.459	-0.830
0.080	-0.415	-0.800
0.046	-0.401	-0.879
0.025	-0.504	-0.995
-0.002	-0.580	-1.022
0.032	-0.600	-0.973
0.135	-0.552	-0.954
0.179	-0.504	-0.909
0.135	-0.463	-0.811
0.063	-0.439	-0.720
0.063	-0.384	-0.698
0.094	-0.329	-0.634
0.162	-0.336	-0.566
0.189	-0.318	-0.577
0.152	-0.322	-0.619
0.107	-0.425	-0.656
0.080	-0.535	-0.675
0.046	-0.621	-0.717
0.008	-0.645	-0.736
0.008	-0.597	-0.739
0.008	-0.483	-0.728
0.008	-0.408	-0.724
-0.050	-0.377	-0.747
-0.064	-0.322	-0.739
0.001	-0.222	-0.875
0.100	-0.184	-1.063
0.138	-0.160	-1.270
0.121	-0.147	-1.394
0.135	-0.184	-1.447
0.138	-0.281	-1.315
0.183	-0.343	-1.120
0.254	-0.356	-0.969
0.323	-0.353	-0.946
0.258	-0.391	-0.954
0.145	-0.432	-0.920
0.035	-0.425	-0.830
-0.029	-0.401	-0.811
-0.026	-0.391	-0.811
0.059	-0.387	-0.845
0.152	-0.401	-0.845
0.220	-0.349	-0.886
0.213	-0.301	-0.954
0.124	-0.298	-1.044
0.001	-0.346	-1.180
-0.142	-0.398	-1.263
-0.211	-0.408	-1.202
-0.166	-0.432	-1.074
-0.077	-0.490	-0.999
-0.040	-0.549	-0.980
-0.016	-0.566	-0.988
0.042	-0.453	-0.928
0.097	-0.353	-0.848
0.107	-0.377	-0.811
0.012	-0.435	-0.788
-0.050	-0.459	-0.751
-0.091	-0.497	-0.732
-0.091	-0.511	-0.732
-0.081	-0.466	-0.728
-0.053	-0.404	-0.713
-0.040	-0.377	-0.713
0.005	-0.411	-0.736
0.080	-0.446	-0.758
0.094	-0.456	-0.773
0.056	-0.473	-0.841
-0.016	-0.449	-0.924
-0.053	-0.449	-0.924
-0.016	-0.349	-0.882
0.022	-0.215	-0.871
0.001	-0.167	-0.920
-0.036	-0.215	-0.992
-0.026	-0.287	-1.093
-0.023	-0.281	-1.082
-0.009	-0.257	-1.040
0.005	-0.219	-0.992
0.022	-0.243	-0.976
0.005	-0.294	-0.973
-0.009	-0.287	-0.935
0.018	-0.243	-0.950
0.035	-0.229	-0.946
0.005	-0.229	-0.931
-0.012	-0.191	-0.879
-0.002	-0.140	-0.811
0.008	-0.105	-0.796
0.032	-0.109	-0.886
0.056	-0.157	-1.010
0.080	-0.281	-1.146
0.128	-0.294	-1.135
0.189	-0.239	-1.059
0.254	-0.153	-0.988
0.230	-0.095	-0.999
0.162	-0.050	-0.965
0.070	0.046	-0.871
0.012	0.156	-0.830
-0.112	0.232	-0.867
-0.194	0.173	-1.022
-0.218	0.187	-0.969
-0.173	0.159	-0.871
-0.088	0.118	-0.931
0.022	0.104	-0.965
0.107	0.101	-0.965
0.145	0.101	-0.912
0.131	0.094	-0.890
0.152	0.104	-0.935
0.172	0.104	-0.980
0.159	0.111	-1.003
0.131	0.115	-1.010
0.059	0.122	-1.022
0.029	0.149	-0.984
-0.050	0.252	-0.954
-0.129	0.366	-0.905
-0.112	0.400	-0.890
-0.064	0.352	-0.984
0.012	0.252	-0.995
0.032	0.242	-0.901
0.046	0.211	-0.875
0.077	0.245	-0.950
0.042	0.269	-1.086
-0.074	0.304	-1.146
-0.101	0.400	-1.138
-0.033	0.445	-1.191
0.008	0.503	-1.210
-0.023	0.541	-1.206
-0.019	0.517	-1.232
-0.047	0.445	-1.225
-0.132	0.359	-1.180
-0.248	0.324	-1.180
-0.269	0.369	-1.161
-0.194	0.448	-1.018
-0.088	0.479	-0.879
0.025	0.417	-0.784
0.022	0.335	-0.815
-0.023	0.311	-0.848
-0.064	0.311	-0.837
-0.084	0.362	-0.758
-0.067	0.421	-0.739
-0.053	0.493	-0.736
0.015	0.428	-0.751
0.012	0.390	-0.792
-0.043	0.342	-0.743
-0.139	0.335	-0.690
-0.228	0.400	-0.717
-0.300	0.479	-0.811
-0.276	0.534	-0.943
-0.180	0.510	-1.101
-0.101	0.421	-1.146
-0.098	0.390	-1.150
-0.101	0.421	-0.999
-0.081	0.503	-0.879
-0.050	0.507	-0.886
-0.029	0.386	-1.003
0.001	0.276	-1.104
-0.006	0.228	-1.112
0.008	0.170	-1.123
-0.009	0.201	-1.048
-0.009	0.307	-0.848
-0.012	0.459	-0.717
-0.043	0.624	-0.897
-0.276	0.668	-0.958
-0.460	0.761	-1.142
-0.447	0.675	-1.048
-0.286	0.541	-0.818
-0.177	0.352	-0.698
-0.050	0.170	-0.698
0.056	0.060	-0.743
0.107	0.043	-0.769
0.124	0.077	-0.845
0.100	0.211	-0.924
0.032	0.441	-0.886
-0.064	0.720	-0.912
-0.122	0.765	-1.082
-0.170	0.648	-1.093
-0.252	0.421	-0.871
-0.337	0.283	-0.709
-0.354	0.194	-0.687
-0.351	0.166	-0.739
-0.218	0.221	-0.924
-0.016	0.287	-1.067
0.066	0.321	-1.063
0.063	0.321	-1.018
0.018	0.352	-0.897
0.012	0.383	-0.833
0.001	0.410	-0.912
-0.084	0.445	-0.976
-0.156	0.397	-1.040
-0.245	0.280	-1.135
-0.389	0.153	-1.440
-0.501	0.142	-1.308
-0.498	0.211	-1.025
-0.378	0.599	-1.007
-0.279	0.885	-0.969
-0.153	0.613	-1.029
-0.023	0.335	-1.025
0.049	0.228	-0.875
0.087	0.242	-0.698
0.070	0.349	-0.495
-0.036	0.359	-0.483
-0.122	0.321	-0.547
-0.218	0.276	-0.728
-0.276	0.259	-0.784
-0.262	0.307	-0.702
-0.242	0.321	-0.698
-0.248	0.276	-0.826
-0.238	0.321	-0.988
-0.224	0.379	-1.263
-0.173	0.476	-1.342
-0.194	0.531	-1.229
-0.289	0.544	-0.992
-0.337	0.517	-0.916
-0.358	0.465	-0.969
-0.327	0.400	-0.969
-0.276	0.294	-0.969
-0.252	0.221	-0.965
-0.286	0.149	-0.841
-0.337	0.094	-0.912
-0.341	0.070	-1.074
-0.180	0.194	-1.187
-0.016	0.589	-1.007
0.059	0.909	-0.720
-0.071	0.668	-0.713
-0.129	0.355	-0.961
-0.084	0.242	-0.976
-0.002	0.211	-0.890
0.008	0.290	-0.841
-0.112	0.318	-0.848
-0.313	0.397	-0.852
-0.488	0.496	-0.886
-0.597	0.569	-0.818
-0.590	0.503	-0.747
-0.491	0.472	-0.660
-0.413	0.421	-0.705
-0.337	0.287	-1.022
-0.177	0.218	-1.210
-0.074	0.211	-1.232
-0.040	0.239	-1.184
-0.012	0.304	-1.059
0.022	0.383	-0.871
-0.012	0.514	-0.777
-0.071	0.579	-0.766
-0.142	0.610	-0.845
-0.214	0.520	-0.961
-0.303	0.366	-0.984
-0.378	0.204	-0.935
-0.423	0.142	-0.781
-0.402	0.146	-0.690
-0.341	0.218	-0.559
-0.235	0.379	-0.653
-0.170	0.496	-0.912
-0.142	0.531	-1.138
-0.122	0.465	-1.229
-0.214	0.417	-1.082
-0.283	0.404	-0.841
-0.313	0.383	-0.867
-0.265	0.410	-0.976
-0.153	0.431	-1.052
-0.101	0.300	-1.101
-0.118	0.180	-1.093
-0.180	0.053	-1.037
-0.159	0.039	-1.040
-0.098	0.118	-1.014
-0.040	0.386	-0.984
-0.094	0.668	-0.909
-0.207	0.720	-0.901
-0.348	0.668	-0.788
-0.385	0.507	-0.769
-0.313	0.393	-0.818
-0.242	0.259	-0.890
-0.197	0.190	-0.961
-0.173	0.153	-0.954
-0.156	0.177	-0.928
-0.156	0.266	-0.871
-0.136	0.311	-0.788
-0.132	0.338	-0.702
-0.136	0.400	-0.604
-0.098	0.407	-0.585
-0.036	0.369	-0.736
-0.047	0.314	-1.003
-0.050	0.263	-1.172
-0.006	0.218	-1.074
0.015	0.177	-1.086
0.001	0.170	-1.022
-0.057	0.242	-0.999
-0.153	0.321	-1.123
-0.194	0.359	-1.022
-0.197	0.225	-1.206
-0.163	0.111	-1.285
-0.105	0.022	-1.417
-0.091	0.018	-1.342
-0.115	0.046	-1.281
-0.153	0.218	-1.364
-0.112	0.555	-1.240
-0.372	0.709	-1.153
-0.395	0.668	-1.180
-0.293	0.428	-0.747
-0.224	0.290	-0.615
-0.146	0.170	-0.506
-0.094	0.115	-0.446
-0.074	0.094	-0.487
-0.047	0.094	-0.585
-0.043	0.091	-0.687
-0.067	0.111	-0.709
-0.139	0.163	-0.694
-0.224	0.256	-0.698
-0.300	0.410	-0.668
-0.330	0.658	-0.732
-0.276	0.723	-1.063
-0.201	0.586	-1.266
-0.129	0.397	-1.266
-0.077	0.228	-1.184
-0.012	0.142	-1.172
0.022	0.128	-1.033
0.005	0.180	-0.954
-0.118	0.245	-0.897
-0.228	0.324	-0.890
-0.334	0.400	-0.920
-0.519	0.441	-1.180
-0.638	0.386	-1.394
-0.652	0.331	-1.304
-0.573	0.311	-1.153
-0.423	0.273	-0.969
-0.248	0.276	-1.059
-0.067	0.318	-1.048
0.104	0.331	-1.063
0.227	0.379	-0.984
0.278	0.465	-0.800
0.227	0.476	-0.611
0.107	0.503	-0.668
-0.071	0.507	-0.800
-0.320	0.407	-0.882
-0.501	0.331	-0.961
-0.553	0.414	-0.792
-0.532	0.431	-0.683
-0.512	0.328	-0.683
-0.409	0.242	-0.502
-0.337	0.256	-0.412
-0.313	0.359	-0.525
-0.211	0.503	-0.965
-0.122	0.558	-1.248
-0.173	0.534	-1.240
-0.235	0.479	-1.123
-0.255	0.489	-0.916
-0.252	0.517	-0.901
-0.201	0.496	-0.920
-0.115	0.383	-1.007
-0.071	0.328	-1.022
-0.053	0.355	-0.867
-0.159	0.290	-0.920
-0.265	0.242	-1.161
-0.317	0.434	-1.142
-0.296	0.569	-0.845
-0.296	0.565	-0.826
-0.201	0.562	-0.954
-0.077	0.493	-1.142
-0.057	0.376	-1.063
-0.060	0.252	-0.886
-0.074	0.290	-0.743
-0.118	0.362	-0.690
-0.187	0.483	-0.709
-0.330	0.469	-0.773
-0.372	0.404	-0.736
-0.303	0.359	-0.641
-0.163	0.307	-0.736
-0.094	0.276	-0.954
-0.057	0.369	-1.153
-0.053	0.534	-1.191
-0.118	0.562	-1.078
-0.139	0.589	-0.984
-0.177	0.593	-1.010
-0.218	0.514	-1.003
-0.245	0.469	-0.894
-0.269	0.379	-0.822
-0.276	0.314	-0.837
-0.214	0.204	-0.784
-0.132	0.180	-0.672
-0.077	0.177	-0.577
-0.036	0.194	-0.544
0.001	0.252	-0.608
0.049	0.390	-0.841
0.012	0.572	-1.101
-0.043	0.534	-1.229
-0.036	0.434	-1.206
0.005	0.404	-1.014
0.049	0.438	-0.965
-0.084	0.503	-1.104
-0.269	0.428	-1.270
-0.354	0.304	-1.308
-0.392	0.204	-1.120
-0.382	0.115	-0.928
-0.354	0.091	-0.875
-0.269	0.142	-0.924
-0.012	0.349	-0.984
0.118	0.431	-1.108
0.152	0.459	-1.018
0.025	0.527	-1.120
0.012	0.723	-0.984
0.012	0.775	-0.924
-0.043	0.514	-0.860
-0.088	0.393	-0.751
-0.156	0.331	-0.668
-0.228	0.311	-0.645
-0.283	0.297	-0.664
-0.334	0.249	-0.660
-0.327	0.214	-0.585
-0.324	0.177	-0.536
-0.361	0.159	-0.574
-0.389	0.252	-0.709
-0.337	0.417	-0.943
-0.211	0.527	-1.180
-0.026	0.558	-1.342
0.087	0.476	-1.372
0.121	0.304	-1.153
0.145	0.266	-0.950
0.169	0.338	-0.875
0.111	0.428	-1.014
-0.060	0.510	-1.086
-0.187	0.562	-0.894
-0.368	0.510	-1.176
-0.481	0.311	-1.345
-0.478	0.359	-1.206
-0.536	0.510	-1.082
-0.508	0.428	-1.063
-0.197	0.414	-1.097
-0.101	0.414	-1.003
-0.091	0.407	-0.751
-0.101	0.404	-0.359
-0.115	0.232	-0.284
-0.047	0.094	-0.393
0.104	0.101	-0.589
0.340	0.239	-0.946
0.442	0.386	-1.172
0.241	0.489	-1.485
-0.180	0.765	-1.123
-0.454	0.954	-0.732
-0.539	0.778	-0.818
-0.584	0.510	-0.897
-0.560	0.314	-0.848
-0.491	0.242	-0.638
-0.368	0.180	-0.645
-0.269	0.101	-0.766
-0.190	0.163	-1.007
-0.156	0.355	-1.232
-0.228	0.579	-1.191
-0.211	0.826	-0.984
-0.163	0.820	-0.864
-0.125	0.727	-0.860
-0.077	0.558	-0.784
-0.108	0.318	-0.833
-0.112	0.163	-0.818
-0.071	0.146	-0.713
-0.036	0.242	-0.615
-0.060	0.331	-0.585
-0.112	0.507	-0.705
-0.108	0.620	-0.939
-0.115	0.651	-1.044
-0.153	0.620	-0.995
-0.142	0.507	-1.007
-0.156	0.397	-1.067
-0.190	0.379	-1.104
-0.262	0.414	-1.037
-0.334	0.397	-1.022
-0.385	0.400	-1.029
-0.354	0.386	-1.037
-0.248	0.307	-1.003
-0.139	0.214	-1.048
-0.064	0.170	-0.909
-0.040	0.142	-0.803
0.005	0.190	-0.739
0.059	0.321	-0.856
0.080	0.630	-1.217
-0.163	0.878	-1.048
-0.413	0.954	-1.180
-0.255	0.575	-1.248
-0.029	0.345	-0.995
0.039	0.180	-0.950
0.083	0.115	-0.864
0.042	0.108	-0.713
-0.026	0.146	-0.679
-0.057	0.242	-0.694
-0.047	0.404	-0.724
-0.118	0.493	-0.747
-0.224	0.555	-0.769
-0.368	0.617	-0.860
-0.389	0.692	-1.018
-0.354	0.627	-1.093
-0.262	0.424	-0.954
-0.142	0.294	-0.961
-0.023	0.256	-1.010
0.118	0.314	-0.992
0.169	0.376	-0.886
0.210	0.441	-0.788
0.124	0.476	-0.698
0.049	0.465	-0.668
-0.050	0.404	-0.690
-0.170	0.283	-0.747
-0.248	0.221	-0.781
-0.262	0.218	-0.784
-0.194	0.252	-0.781
-0.142	0.318	-0.852
-0.142	0.493	-1.029
-0.180	0.624	-1.093
-0.129	0.586	-1.187
0.059	0.541	-1.202
0.268	0.538	-1.123
0.275	0.510	-1.010
0.217	0.469	-0.928
0.162	0.376	-0.890
0.104	0.252	-0.875
0.008	0.118	-0.939
-0.125	0.043	-1.127
-0.187	0.018	-1.293
-0.307	0.070	-1.259
-0.409	0.232	-0.871
-0.409	0.383	-0.754
